90634,31.274525,34.780935,1
90634,31.272447,34.781243,2
90634,31.272102,34.781300,3
90634,31.272083,34.781301,4
90634,31.271876,34.781215,5
90634,31.271813,34.781153,6
90634,31.271789,34.781111,7
90634,31.271706,34.780907,8
90634,31.271656,34.780283,9
90634,31.271639,34.780088,10
90634,31.271617,34.779757,11
90634,31.271595,34.779520,12
90634,31.271571,34.779267,13
90634,31.271519,34.778903,14
90634,31.271513,34.778860,15
90634,31.271441,34.778502,16
90634,31.271411,34.778368,17
90634,31.271379,34.778222,18
90634,31.271240,34.777777,19
90634,31.271184,34.777625,20
90634,31.271108,34.777419,21
90634,31.271120,34.777408,22
90634,31.271126,34.777400,23
90634,31.271137,34.777385,24
90634,31.271146,34.777368,25
90634,31.271150,34.777359,26
90634,31.271156,34.777344,27
90634,31.271161,34.777321,28
90634,31.271164,34.777301,29
90634,31.271164,34.777291,30
90634,31.271164,34.777281,31
90634,31.271162,34.777262,32
90634,31.271158,34.777242,33
90634,31.271155,34.777233,34
90634,31.271148,34.777214,35
90634,31.271144,34.777205,36
90634,31.271139,34.777197,37
90634,31.271128,34.777181,38
90634,31.271122,34.777174,39
90634,31.271109,34.777161,40
90634,31.271102,34.777155,41
90634,31.271089,34.777146,42
90634,31.271072,34.777137,43
90634,31.271055,34.777132,44
90634,31.271046,34.777130,45
90634,31.271029,34.777128,46
90634,31.271012,34.777129,47
90634,31.271004,34.777130,48
90634,31.270775,34.776606,49
90634,31.270640,34.776266,50
90634,31.270556,34.776060,51
90634,31.270259,34.775335,52
90634,31.269713,34.774008,53
90634,31.269562,34.773624,54
90634,31.269485,34.773444,55
90634,31.269390,34.773222,56
90634,31.269374,34.773179,57
90634,31.269359,34.773139,58
90634,31.269344,34.773098,59
90634,31.269237,34.773152,60
90634,31.269048,34.773260,61
90634,31.268900,34.773343,62
90634,31.268542,34.773544,63
90634,31.268275,34.773706,64
90634,31.268015,34.773849,65
90634,31.267752,34.773998,66
90634,31.267745,34.773993,67
90634,31.267735,34.773987,68
90634,31.267725,34.773984,69
90634,31.267715,34.773982,70
90634,31.267705,34.773982,71
90634,31.267695,34.773985,72
90634,31.267685,34.773990,73
90634,31.267676,34.773997,74
90634,31.267667,34.774005,75
90634,31.267655,34.774022,76
90634,31.267646,34.774041,77
90634,31.267638,34.774063,78
90634,31.267634,34.774088,79
90634,31.267632,34.774104,80
90634,31.267632,34.774112,81
90634,31.267517,34.774217,82
90634,31.267374,34.774378,83
90634,31.267293,34.774500,84
90634,31.267204,34.774664,85
90634,31.267134,34.774821,86
90634,31.267065,34.775044,87
90634,31.267028,34.775219,88
90634,31.267001,34.775460,89
90634,31.266984,34.775908,90
90634,31.266958,34.776366,91
90634,31.266941,34.776612,92
90634,31.266916,34.776968,93
90634,31.266864,34.777218,94
90634,31.266780,34.777397,95
90634,31.266669,34.777590,96
90634,31.266585,34.777683,97
90634,31.266470,34.777811,98
90634,31.266308,34.777930,99
90634,31.266137,34.778053,100
90634,31.266000,34.778136,101
90634,31.265884,34.778169,102
90634,31.265859,34.778151,103
90634,31.265820,34.778138,104
90634,31.265779,34.778138,105
90634,31.265744,34.778148,106
90634,31.265719,34.778162,107
90634,31.265687,34.778193,108
90634,31.265664,34.778230,109
90634,31.265649,34.778278,110
90634,31.265649,34.778287,111
90634,31.265400,34.778442,112
90634,31.264626,34.778793,113
90634,31.264535,34.778829,114
90634,31.263794,34.779170,115
90634,31.263752,34.779192,116
90634,31.263440,34.779353,117
90634,31.263290,34.779331,118
90634,31.263230,34.779297,119
90634,31.263183,34.779256,120
90634,31.263098,34.779132,121
90634,31.262842,34.778358,122
90634,31.262776,34.778155,123
90634,31.262639,34.777782,124
90634,31.262538,34.777479,125
90634,31.262427,34.777149,126
90634,31.262441,34.777148,127
90634,31.262457,34.777138,128
90634,31.262471,34.777118,129
90634,31.262473,34.777098,130
90634,31.262468,34.777074,131
90634,31.262452,34.777045,133
90634,31.262390,34.776987,134
90634,31.262351,34.776945,135
90634,31.262275,34.776673,136
90634,31.262203,34.776415,137
90634,31.262164,34.776295,138
90634,31.262002,34.775815,139
90634,31.261859,34.775392,140
90634,31.261523,34.774391,141
90634,31.261458,34.774141,142
90634,31.261463,34.774133,143
90634,31.261475,34.774107,144
90634,31.261479,34.774072,145
90634,31.261477,34.774049,146
90634,31.261472,34.774027,147
90634,31.261464,34.774009,148
90634,31.261461,34.774002,149
90634,31.261446,34.773982,150
90634,31.261430,34.773968,151
90634,31.261412,34.773957,152
90634,31.261396,34.773952,153
90634,31.261337,34.773802,154
90634,31.261217,34.773438,155
90634,31.261092,34.773091,156
90634,31.261083,34.773072,157
90634,31.261016,34.772934,158
90634,31.260983,34.772874,159
90634,31.260896,34.772737,160
90634,31.260856,34.772783,161
90634,31.260642,34.773040,162
90634,31.260451,34.773290,163
90634,31.259685,34.774261,164
90634,31.259210,34.774848,165
90634,31.258524,34.775694,166
90634,31.258473,34.775757,167
90634,31.258385,34.775849,168
90634,31.258454,34.775992,169
90634,31.258572,34.776264,170
90634,31.258754,34.776824,171
90634,31.258822,34.777158,172
90634,31.258861,34.777557,173
90634,31.258863,34.778077,174
90634,31.258802,34.778447,175
90634,31.258655,34.779079,176
90634,31.258585,34.779365,177
90634,31.258426,34.780077,178
90634,31.258369,34.780472,179
90634,31.258312,34.781011,180
90634,31.258309,34.781479,181
90634,31.258390,34.781991,182
90634,31.258957,34.784830,183
90634,31.259032,34.785363,184
90634,31.259060,34.785734,185
90634,31.259044,34.786494,186
90634,31.259013,34.787282,187
90634,31.258982,34.787627,188
90634,31.258970,34.787764,189
90634,31.258952,34.787972,190
90634,31.258922,34.788440,191
90634,31.258873,34.788891,192
90634,31.258810,34.789257,193
90634,31.258736,34.789652,194
90634,31.258579,34.790418,195
90634,31.258496,34.790804,196
90634,31.258393,34.791094,197
90634,31.258363,34.791489,198
90634,31.258309,34.791988,199
90634,31.258314,34.792342,200
90634,31.258321,34.793339,201
90634,31.258331,34.794489,202
90634,31.258326,34.794706,203
90634,31.258335,34.795035,204
90634,31.258336,34.795303,205
90634,31.258352,34.795737,206
90634,31.258385,34.796427,207
90634,31.258401,34.796805,208
90634,31.258413,34.797275,209
90634,31.258418,34.797324,210
90634,31.258425,34.797558,211
90634,31.258378,34.797795,212
90634,31.258345,34.797852,213
90634,31.258292,34.797903,214
90634,31.258014,34.797975,215
90634,31.257705,34.798006,216
90634,31.257559,34.798028,217
90634,31.257060,34.798127,218
90634,31.255858,34.798383,219
90634,31.255542,34.798438,220
90634,31.255423,34.798459,221
90634,31.255140,34.798501,222
90634,31.254496,34.798656,223
90634,31.253657,34.798736,224
90634,31.253118,34.798704,225
90634,31.252761,34.798613,226
90634,31.252636,34.798553,227
90634,31.252521,34.798498,228
90634,31.252410,34.798444,229
90634,31.252045,34.798200,230
90634,31.251895,34.798124,231
90634,31.251769,34.798075,232
90634,31.251702,34.798049,233
90634,31.251439,34.797995,234
90634,31.250964,34.797973,235
90634,31.250851,34.797968,236
90634,31.250368,34.797991,237
90634,31.249744,34.798002,238
90634,31.249357,34.798005,239
90634,31.249075,34.797998,240
90634,31.248899,34.797993,241
90634,31.248479,34.797935,242
90634,31.248187,34.797843,243
90634,31.247647,34.797587,244
90634,31.247274,34.797375,245
90634,31.247205,34.797327,246
90634,31.246767,34.797052,247
90634,31.246340,34.796786,248
90634,31.246055,34.796546,249
90634,31.245934,34.796427,250
90634,31.245730,34.796271,251
90634,31.245481,34.796069,252
90634,31.245306,34.795904,253
90634,31.245145,34.795701,254
90634,31.244886,34.795319,255
90634,31.244835,34.795244,256
90634,31.244632,34.794914,257
90634,31.244577,34.794800,258
90634,31.244272,34.794118,259
90634,31.243942,34.793431,260
90634,31.243873,34.793288,261
90634,31.243639,34.792807,262
90634,31.243568,34.792562,263
90634,31.243490,34.792252,264
90634,31.243427,34.791660,265
90634,31.243201,34.791318,266
90634,31.242871,34.791018,267
90634,31.242676,34.790796,268
90634,31.242360,34.790501,269
90634,31.241875,34.790027,270
90634,31.241711,34.789903,271
90634,31.241401,34.789631,272
90634,31.241273,34.789501,273
90634,31.241202,34.789450,274
90634,31.240979,34.789225,275
90634,31.240841,34.789100,276
90634,31.240816,34.789034,277
90634,31.240820,34.789027,278
90634,31.240824,34.789018,279
90634,31.240829,34.789004,280
90634,31.240831,34.788988,281
90634,31.240831,34.788973,282
90634,31.240828,34.788957,283
90634,31.240823,34.788943,284
90634,31.240816,34.788930,285
90634,31.240804,34.788917,286
90634,31.240791,34.788907,287
90634,31.240779,34.788902,288
90634,31.240766,34.788899,289
90634,31.240752,34.788899,290
90634,31.240739,34.788902,291
90634,31.240727,34.788907,292
90634,31.240715,34.788916,293
90634,31.240705,34.788927,294
90634,31.240700,34.788935,295
90634,31.240695,34.788944,296
90634,31.240690,34.788958,297
90634,31.240688,34.788973,298
90634,31.240688,34.788989,299
90634,31.240689,34.788999,300
90634,31.240691,34.789009,301
90634,31.240697,34.789023,302
90634,31.240704,34.789036,303
90634,31.240711,34.789044,304
90634,31.240716,34.789049,305
90634,31.240346,34.789603,306
90634,31.239970,34.790217,307
90634,31.240474,34.790714,308
90634,31.240984,34.791216,309
90634,31.241511,34.791722,310
90634,31.242040,34.792227,311
90634,31.241691,34.792659,312
90634,31.241577,34.792796,313
90634,31.241291,34.793155,314
90634,31.241112,34.793439,315
90634,31.240918,34.793754,316
90634,31.240865,34.793824,317
90634,31.240684,34.794055,318
90634,31.240616,34.794061,319
90634,31.240565,34.794096,320
90634,31.240321,34.794435,321
90634,31.240239,34.794558,322
90634,31.240225,34.794561,323
90634,31.240212,34.794567,324
90634,31.240194,34.794578,325
90634,31.240179,34.794593,326
90634,31.240170,34.794604,327
90634,31.240162,34.794617,328
90634,31.240156,34.794631,329
90634,31.240151,34.794646,330
90634,31.240148,34.794661,331
90634,31.240147,34.794677,332
90634,31.240147,34.794693,333
90634,31.240149,34.794708,334
90634,31.240152,34.794723,335
90634,31.240161,34.794745,336
90634,31.240168,34.794758,337
90634,31.240182,34.794775,338
90634,31.240192,34.794785,339
90634,31.240210,34.794797,340
90634,31.240222,34.794803,341
90634,31.240235,34.794807,342
90634,31.240256,34.794809,343
90634,31.240269,34.794808,344
90634,31.240282,34.794805,345
90634,31.240295,34.794800,346
90634,31.240307,34.794793,347
90634,31.240318,34.794785,348
90634,31.240383,34.794853,349
90634,31.240429,34.794932,350
90634,31.240521,34.795222,351
90634,31.240715,34.795782,352
90634,31.241047,34.796741,353
90634,31.241088,34.796913,354
90634,31.241211,34.797260,355
90634,31.241325,34.797571,356
90634,31.241347,34.797626,357
90634,31.241382,34.797692,358
90634,31.241468,34.797800,359
90634,31.241573,34.797890,360
90634,31.241677,34.797933,361
90634,31.241701,34.797937,362
90634,31.241971,34.797985,363
90634,31.243121,34.798000,364
90634,31.243231,34.797986,365
