90635,31.274525,34.780935,1
90635,31.272447,34.781243,2
90635,31.272102,34.781300,3
90635,31.272083,34.781301,4
90635,31.271876,34.781215,5
90635,31.271813,34.781153,6
90635,31.271789,34.781111,7
90635,31.271706,34.780907,8
90635,31.271656,34.780283,9
90635,31.271639,34.780088,10
90635,31.271617,34.779757,11
90635,31.271595,34.779520,12
90635,31.271571,34.779267,13
90635,31.271519,34.778903,14
90635,31.271513,34.778860,15
90635,31.271441,34.778502,16
90635,31.271411,34.778368,17
90635,31.271379,34.778222,18
90635,31.271240,34.777777,19
90635,31.271184,34.777625,20
90635,31.271108,34.777419,21
90635,31.271120,34.777408,22
90635,31.271126,34.777400,23
90635,31.271137,34.777385,24
90635,31.271146,34.777368,25
90635,31.271150,34.777359,26
90635,31.271156,34.777344,27
90635,31.271161,34.777321,28
90635,31.271164,34.777301,29
90635,31.271164,34.777291,30
90635,31.271164,34.777281,31
90635,31.271162,34.777262,32
90635,31.271158,34.777242,33
90635,31.271155,34.777233,34
90635,31.271148,34.777214,35
90635,31.271144,34.777205,36
90635,31.271139,34.777197,37
90635,31.271128,34.777181,38
90635,31.271122,34.777174,39
90635,31.271109,34.777161,40
90635,31.271102,34.777155,41
90635,31.271089,34.777146,42
90635,31.271072,34.777137,43
90635,31.271055,34.777132,44
90635,31.271046,34.777130,45
90635,31.271029,34.777128,46
90635,31.271012,34.777129,47
90635,31.271004,34.777130,48
90635,31.270775,34.776606,49
90635,31.270640,34.776266,50
90635,31.270556,34.776060,51
90635,31.270259,34.775335,52
90635,31.269713,34.774008,53
90635,31.269562,34.773624,54
90635,31.269485,34.773444,55
90635,31.269390,34.773222,56
90635,31.269374,34.773179,57
90635,31.269359,34.773139,58
90635,31.269344,34.773098,59
90635,31.269237,34.773152,60
90635,31.269048,34.773260,61
90635,31.268900,34.773343,62
90635,31.268542,34.773544,63
90635,31.268275,34.773706,64
90635,31.268015,34.773849,65
90635,31.267752,34.773998,66
90635,31.267745,34.773993,67
90635,31.267735,34.773987,68
90635,31.267725,34.773984,69
90635,31.267715,34.773982,70
90635,31.267705,34.773982,71
90635,31.267695,34.773985,72
90635,31.267685,34.773990,73
90635,31.267676,34.773997,74
90635,31.267667,34.774005,75
90635,31.267655,34.774022,76
90635,31.267646,34.774041,77
90635,31.267638,34.774063,78
90635,31.267634,34.774088,79
90635,31.267632,34.774104,80
90635,31.267632,34.774112,81
90635,31.267517,34.774217,82
90635,31.267374,34.774378,83
90635,31.267293,34.774500,84
90635,31.267204,34.774664,85
90635,31.267134,34.774821,86
90635,31.267065,34.775044,87
90635,31.267028,34.775219,88
90635,31.267001,34.775460,89
90635,31.266984,34.775908,90
90635,31.266958,34.776366,91
90635,31.266941,34.776612,92
90635,31.266916,34.776968,93
90635,31.266864,34.777218,94
90635,31.266780,34.777397,95
90635,31.266669,34.777590,96
90635,31.266585,34.777683,97
90635,31.266470,34.777811,98
90635,31.266308,34.777930,99
90635,31.266137,34.778053,100
90635,31.266000,34.778136,101
90635,31.265884,34.778169,102
90635,31.265859,34.778151,103
90635,31.265820,34.778138,104
90635,31.265779,34.778138,105
90635,31.265744,34.778148,106
90635,31.265719,34.778162,107
90635,31.265687,34.778193,108
90635,31.265664,34.778230,109
90635,31.265649,34.778278,110
90635,31.265649,34.778287,111
90635,31.265400,34.778442,112
90635,31.264626,34.778793,113
90635,31.264535,34.778829,114
90635,31.263794,34.779170,115
90635,31.263752,34.779192,116
90635,31.263440,34.779353,117
90635,31.263290,34.779331,118
90635,31.263230,34.779297,119
90635,31.263183,34.779256,120
90635,31.263098,34.779132,121
90635,31.262842,34.778358,122
90635,31.262776,34.778155,123
90635,31.262639,34.777782,124
90635,31.262538,34.777479,125
90635,31.262427,34.777149,126
90635,31.262441,34.777148,127
90635,31.262457,34.777138,128
90635,31.262471,34.777118,129
90635,31.262473,34.777098,130
90635,31.262468,34.777074,131
90635,31.262452,34.777045,133
90635,31.262390,34.776987,134
90635,31.262351,34.776945,135
90635,31.262275,34.776673,136
90635,31.262203,34.776415,137
90635,31.262164,34.776295,138
90635,31.262002,34.775815,139
90635,31.261859,34.775392,140
90635,31.261523,34.774391,141
90635,31.261458,34.774141,142
90635,31.261463,34.774133,143
90635,31.261475,34.774107,144
90635,31.261479,34.774072,145
90635,31.261477,34.774049,146
90635,31.261472,34.774027,147
90635,31.261464,34.774009,148
90635,31.261461,34.774002,149
90635,31.261446,34.773982,150
90635,31.261430,34.773968,151
90635,31.261412,34.773957,152
90635,31.261396,34.773952,153
90635,31.261337,34.773802,154
90635,31.261217,34.773438,155
90635,31.261092,34.773091,156
90635,31.261083,34.773072,157
90635,31.261016,34.772934,158
90635,31.260983,34.772874,159
90635,31.260896,34.772737,160
90635,31.260856,34.772783,161
90635,31.260642,34.773040,162
90635,31.260451,34.773290,163
90635,31.259685,34.774261,164
90635,31.259210,34.774848,165
90635,31.258524,34.775694,166
90635,31.258473,34.775757,167
90635,31.258385,34.775849,168
90635,31.258454,34.775992,169
90635,31.258572,34.776264,170
90635,31.258754,34.776824,171
90635,31.258822,34.777158,172
90635,31.258861,34.777557,173
90635,31.258863,34.778077,174
90635,31.258802,34.778447,175
90635,31.258655,34.779079,176
90635,31.258585,34.779365,177
90635,31.258426,34.780077,178
90635,31.258369,34.780472,179
90635,31.258312,34.781011,180
90635,31.258309,34.781479,181
90635,31.258390,34.781991,182
90635,31.258957,34.784830,183
90635,31.259032,34.785363,184
90635,31.259060,34.785734,185
90635,31.259044,34.786494,186
90635,31.259013,34.787282,187
90635,31.258982,34.787627,188
90635,31.258970,34.787764,189
90635,31.258952,34.787972,190
90635,31.258922,34.788440,191
90635,31.258873,34.788891,192
90635,31.258810,34.789257,193
90635,31.258736,34.789652,194
90635,31.258579,34.790418,195
90635,31.258496,34.790804,196
90635,31.258393,34.791094,197
90635,31.258363,34.791489,198
90635,31.258309,34.791988,199
90635,31.258314,34.792342,200
90635,31.258321,34.793339,201
90635,31.258331,34.794489,202
90635,31.258326,34.794706,203
90635,31.258335,34.795035,204
90635,31.258336,34.795303,205
90635,31.258352,34.795737,206
90635,31.258385,34.796427,207
90635,31.258401,34.796805,208
90635,31.258413,34.797275,209
90635,31.258418,34.797324,210
90635,31.258425,34.797558,211
90635,31.258378,34.797795,212
90635,31.258345,34.797852,213
90635,31.258292,34.797903,214
90635,31.258014,34.797975,215
90635,31.257705,34.798006,216
90635,31.257559,34.798028,217
90635,31.257060,34.798127,218
90635,31.255858,34.798383,219
90635,31.255542,34.798438,220
90635,31.255423,34.798459,221
90635,31.255140,34.798501,222
90635,31.254496,34.798656,223
90635,31.253657,34.798736,224
90635,31.253118,34.798704,225
90635,31.252761,34.798613,226
90635,31.252636,34.798553,227
90635,31.252521,34.798498,228
90635,31.252410,34.798444,229
90635,31.252045,34.798200,230
90635,31.251895,34.798124,231
90635,31.251769,34.798075,232
90635,31.251702,34.798049,233
90635,31.251439,34.797995,234
90635,31.250964,34.797973,235
90635,31.250851,34.797968,236
90635,31.250368,34.797991,237
90635,31.249744,34.798002,238
90635,31.249357,34.798005,239
90635,31.249075,34.797998,240
90635,31.248899,34.797993,241
90635,31.248479,34.797935,242
90635,31.248187,34.797843,243
90635,31.247647,34.797587,244
90635,31.247274,34.797375,245
90635,31.247205,34.797327,246
90635,31.246767,34.797052,247
90635,31.246340,34.796786,248
90635,31.246055,34.796546,249
90635,31.245934,34.796427,250
90635,31.245730,34.796271,251
90635,31.245481,34.796069,252
90635,31.245306,34.795904,253
90635,31.245145,34.795701,254
90635,31.244886,34.795319,255
90635,31.244835,34.795244,256
90635,31.244726,34.795351,257
90635,31.244517,34.795582,258
90635,31.244420,34.795730,259
90635,31.244259,34.796058,260
90635,31.244149,34.796285,261
90635,31.244055,34.796534,262
90635,31.244034,34.796619,263
90635,31.244014,34.796836,264
90635,31.244015,34.797063,265
90635,31.244006,34.797531,266
90635,31.243994,34.797805,267
90635,31.243990,34.797991,268
90635,31.243976,34.797996,269
90635,31.243967,34.798001,270
90635,31.243955,34.798011,271
90635,31.243948,34.798019,272
90635,31.243942,34.798028,273
90635,31.243934,34.798046,274
90635,31.243932,34.798054,275
90635,31.243930,34.798067,276
90635,31.243929,34.798082,277
90635,31.243930,34.798098,278
90635,31.243934,34.798112,279
90635,31.243706,34.798106,280
90635,31.243407,34.798086,281
90635,31.243345,34.798084,282
90635,31.243287,34.797909,283
90635,31.243131,34.797846,284
90635,31.242994,34.797822,285
90635,31.242898,34.797809,286
90635,31.242361,34.797810,287
