98371,31.261334,34.808854,1
98371,31.261156,34.808752,2
98371,31.260913,34.808578,3
98371,31.260813,34.808510,4
98371,31.260815,34.808497,5
98371,31.260815,34.808476,6
98371,31.260813,34.808455,7
98371,31.260809,34.808434,8
98371,31.260803,34.808415,9
98371,31.260794,34.808396,10
98371,31.260784,34.808379,11
98371,31.260781,34.808374,12
98371,31.260773,34.808363,13
98371,31.260759,34.808350,14
98371,31.260745,34.808338,15
98371,31.260729,34.808328,16
98371,31.260713,34.808321,17
98371,31.260697,34.808317,18
98371,31.260678,34.808315,19
98371,31.260661,34.808316,20
98371,31.260644,34.808319,21
98371,31.260627,34.808325,22
98371,31.260611,34.808333,23
98371,31.260603,34.808338,24
98371,31.260589,34.808350,25
98371,31.260575,34.808364,26
98371,31.260564,34.808380,27
98371,31.260559,34.808388,28
98371,31.260550,34.808406,29
98371,31.260543,34.808426,30
98371,31.260540,34.808436,31
98371,31.260536,34.808453,32
98371,31.260535,34.808467,33
98371,31.260534,34.808488,34
98371,31.260534,34.808498,35
98371,31.260537,34.808519,36
98371,31.260541,34.808539,37
98371,31.260548,34.808559,38
98371,31.260478,34.808825,39
98371,31.260322,34.809170,40
98371,31.260085,34.809568,41
98371,31.259876,34.809866,42
98371,31.259605,34.810152,43
98371,31.259142,34.810603,44
98371,31.258554,34.811126,45
98371,31.258002,34.811690,46
98371,31.257718,34.811883,47
98371,31.257657,34.811921,48
98371,31.257724,34.812009,49
98371,31.257752,34.812046,50
98371,31.257826,34.812195,51
98371,31.257879,34.812300,52
98371,31.257996,34.812557,53
98371,31.258018,34.812625,54
98371,31.258032,34.812693,55
98371,31.258036,34.812746,56
98371,31.258037,34.812765,57
98371,31.258031,34.812855,58
98371,31.258018,34.812898,59
98371,31.258003,34.812973,60
98371,31.257996,34.813022,61
98371,31.257992,34.813027,62
98371,31.257662,34.813651,63
98371,31.257325,34.814336,64
98371,31.257081,34.814834,65
98371,31.256308,34.816416,66
98371,31.255927,34.817257,67
98371,31.255748,34.817630,68
98371,31.255638,34.817765,69
98371,31.255516,34.817867,70
98371,31.255364,34.817937,71
98371,31.254989,34.818123,72
98371,31.254979,34.818100,73
98371,31.254970,34.818084,74
98371,31.254959,34.818071,75
98371,31.254948,34.818059,76
98371,31.254935,34.818049,77
98371,31.254922,34.818041,78
98371,31.254908,34.818035,79
98371,31.254894,34.818032,80
98371,31.254646,34.817419,81
98371,31.254371,34.816737,82
98371,31.254019,34.815756,83
98371,31.253988,34.815667,84
98371,31.253649,34.814740,85
98371,31.253541,34.814446,86
98371,31.253504,34.814343,87
98371,31.253458,34.814369,88
98371,31.253409,34.814397,89
98371,31.253146,34.814564,90
98371,31.252728,34.814841,91
98371,31.252503,34.815036,92
98371,31.252183,34.815359,93
98371,31.251851,34.815782,94
98371,31.251117,34.816763,95
98371,31.250579,34.817520,96
98371,31.250058,34.818237,97
98371,31.249882,34.818363,98
98371,31.249816,34.818376,99
98371,31.249769,34.818371,100
98371,31.249603,34.818299,101
98371,31.249522,34.818208,102
98371,31.249247,34.817931,103
98371,31.248558,34.817006,104
98371,31.247825,34.815851,105
98371,31.247577,34.815457,106
98371,31.246577,34.813851,107
98371,31.245942,34.812884,108
98371,31.245450,34.812151,109
98371,31.245175,34.811685,110
98371,31.245130,34.811605,111
98371,31.244947,34.811326,112
98371,31.244764,34.811024,113
98371,31.244590,34.810759,114
98371,31.244459,34.810514,115
98371,31.244353,34.810249,116
98371,31.244300,34.810069,117
98371,31.244251,34.809870,118
98371,31.244226,34.809741,119
98371,31.244195,34.809372,120
98371,31.244194,34.809126,121
98371,31.244210,34.808901,122
98371,31.244220,34.808797,123
98371,31.244252,34.808459,124
98371,31.244301,34.807836,125
98371,31.244325,34.807537,126
98371,31.244338,34.807436,127
98371,31.244346,34.807101,128
98371,31.244369,34.806792,129
98371,31.244387,34.806580,130
98371,31.244463,34.806169,131
98371,31.244479,34.806084,132
98371,31.244509,34.805904,133
98371,31.244553,34.805731,134
98371,31.244602,34.805602,135
98371,31.244714,34.805357,136
98371,31.244983,34.805035,137
98371,31.245020,34.804991,138
98371,31.245080,34.804937,139
98371,31.245248,34.804791,140
98371,31.245701,34.804526,141
98371,31.246240,34.804246,142
98371,31.246455,34.804141,143
98371,31.246604,34.804069,144
98371,31.246821,34.803941,145
98371,31.246933,34.803866,146
98371,31.247114,34.803745,147
98371,31.247277,34.803608,148
98371,31.247332,34.803562,149
98371,31.247440,34.803471,150
98371,31.247512,34.803403,151
98371,31.247707,34.803221,152
98371,31.247847,34.803083,153
98371,31.247772,34.802980,154
98371,31.247612,34.802639,155
98371,31.247551,34.802422,156
98371,31.247472,34.802160,157
98371,31.247428,34.802024,158
98371,31.247372,34.801797,159
98371,31.247068,34.800659,160
98371,31.247057,34.800540,161
98371,31.246921,34.800119,162
98371,31.246931,34.800105,163
98371,31.246937,34.800093,164
98371,31.246941,34.800080,165
98371,31.246944,34.800067,166
98371,31.246946,34.800054,167
98371,31.246945,34.800033,168
98371,31.246943,34.800020,169
98371,31.246937,34.800000,170
98371,31.246932,34.799988,171
98371,31.246925,34.799977,172
98371,31.246913,34.799962,173
98371,31.246904,34.799954,174
98371,31.246897,34.799094,175
98371,31.246895,34.798474,176
98371,31.246909,34.798312,177
98371,31.246982,34.798021,178
98371,31.247031,34.797884,179
98371,31.247191,34.797539,180
98371,31.247274,34.797375,181
98371,31.247205,34.797327,182
98371,31.246767,34.797052,183
98371,31.246340,34.796786,184
98371,31.246055,34.796546,185
98371,31.245934,34.796427,186
98371,31.245730,34.796271,187
98371,31.245481,34.796069,188
98371,31.245306,34.795904,189
98371,31.245145,34.795701,190
98371,31.244886,34.795319,191
98371,31.244835,34.795244,192
98371,31.244632,34.794914,193
98371,31.244577,34.794800,194
98371,31.244272,34.794118,195
98371,31.244162,34.793775,196
98371,31.244100,34.793503,197
98371,31.244083,34.793396,198
98371,31.244095,34.793293,199
98371,31.244140,34.793144,200
98371,31.244249,34.792820,201
98371,31.244391,34.792474,202
98371,31.244405,34.792426,203
98371,31.244493,34.792132,204
98371,31.244706,34.791284,205
98371,31.244711,34.791255,206
98371,31.245025,34.789725,207
98371,31.245056,34.789575,208
98371,31.245126,34.789256,209
98371,31.245216,34.788849,210
98371,31.245562,34.787286,211
98371,31.245800,34.786210,212
98371,31.246080,34.784942,213
98371,31.246368,34.783429,214
98371,31.246450,34.783018,215
98371,31.246469,34.782893,216
98371,31.246312,34.782833,217
98371,31.246098,34.782768,218
98371,31.245222,34.782448,219
98371,31.244893,34.782309,220
98371,31.244753,34.782243,221
98371,31.244666,34.782194,222
98371,31.244600,34.782134,223
98371,31.244532,34.782068,224
98371,31.244478,34.781994,225
98371,31.244393,34.781845,226
98371,31.244266,34.781548,227
98371,31.244163,34.781252,228
98371,31.243797,34.780095,229
98371,31.243661,34.779683,230
98371,31.243554,34.779507,231
98371,31.243437,34.779334,232
98371,31.243346,34.779245,233
98371,31.243314,34.779214,234
98371,31.242997,34.778928,235
98371,31.242930,34.778868,236
98371,31.242562,34.778520,237
98371,31.242061,34.778029,238
98371,31.241838,34.777817,239
98371,31.241759,34.777742,240
98371,31.241611,34.777585,241
98371,31.241510,34.777440,242
98371,31.241511,34.777434,243
98371,31.241515,34.777407,244
98371,31.241515,34.777380,245
98371,31.241512,34.777354,246
98371,31.241506,34.777328,247
98371,31.241498,34.777303,248
98371,31.241493,34.777291,249
98371,31.241480,34.777268,250
98371,31.241465,34.777247,251
98371,31.241454,34.777235,252
98371,31.241438,34.777220,253
98371,31.241428,34.777212,254
98371,31.241407,34.777198,255
98371,31.241385,34.777188,256
98371,31.241362,34.777181,257
98371,31.241338,34.777177,258
98371,31.241326,34.777176,259
98371,31.241301,34.777177,260
98371,31.241277,34.777181,261
98371,31.241258,34.777187,262
98371,31.240988,34.776859,263
98371,31.240463,34.776195,264
98371,31.240295,34.775982,265
98371,31.239997,34.775588,266
98371,31.239793,34.775239,267
98371,31.239794,34.775219,268
98371,31.239793,34.775197,269
98371,31.239790,34.775176,270
98371,31.239787,34.775165,271
98371,31.239781,34.775145,272
98371,31.239777,34.775135,273
98371,31.239769,34.775119,274
98371,31.239761,34.775107,275
98371,31.239749,34.775091,276
98371,31.239735,34.775077,277
98371,31.239727,34.775070,278
98371,31.239711,34.775059,279
98371,31.239694,34.775051,280
98371,31.239676,34.775045,281
98371,31.239667,34.775043,282
98371,31.239649,34.775041,283
98371,31.239638,34.775041,284
98371,31.239474,34.774897,285
98371,31.239218,34.774567,286
98371,31.238896,34.774147,287
98371,31.238648,34.773825,288
98371,31.238625,34.773795,289
98371,31.238434,34.773547,290
98371,31.238298,34.773310,291
98371,31.238244,34.773220,292
98371,31.238247,34.773209,293
98371,31.238249,34.773188,294
98371,31.238250,34.773177,295
98371,31.238249,34.773155,296
98371,31.238245,34.773134,297
98371,31.238242,34.773123,298
98371,31.238235,34.773103,299
98371,31.238231,34.773093,300
98371,31.238220,34.773074,301
98371,31.238214,34.773065,302
98371,31.238203,34.773053,303
98371,31.238192,34.773042,304
98371,31.238176,34.773029,305
98371,31.238158,34.773018,306
98371,31.238139,34.773009,307
98371,31.238119,34.773003,308
98371,31.238099,34.773000,309
98371,31.238078,34.773000,310
98371,31.238058,34.773002,311
98371,31.237824,34.772735,312
98371,31.237360,34.772130,313
98371,31.237254,34.771993,314
98371,31.236655,34.771221,315
98371,31.236549,34.771076,316
98371,31.236357,34.770832,317
98371,31.236067,34.770455,318
98371,31.236078,34.770437,319
98371,31.236086,34.770402,320
98371,31.236087,34.770369,321
98371,31.236062,34.770300,323
98371,31.236029,34.770270,324
98371,31.236020,34.770266,325
98371,31.236000,34.770256,326
98371,31.235967,34.770254,327
98371,31.235948,34.770258,328
98371,31.235754,34.770001,329
98371,31.235618,34.769820,330
98371,31.235363,34.769493,331
98371,31.235119,34.769113,332
98371,31.235123,34.769091,333
98371,31.235124,34.769075,334
98371,31.235124,34.769060,335
98371,31.235121,34.769045,336
98371,31.235117,34.769031,337
98371,31.235112,34.769017,338
98371,31.235105,34.769004,339
98371,31.235097,34.768992,340
98371,31.235088,34.768981,341
98371,31.235077,34.768972,342
98371,31.235066,34.768965,343
98371,31.235054,34.768959,344
98371,31.235042,34.768955,345
98371,31.235029,34.768952,346
98371,31.235018,34.768952,347
98371,31.234877,34.768710,348
98371,31.234599,34.768110,349
98371,31.234523,34.767945,350
98371,31.234298,34.767370,351
98371,31.234197,34.767114,352
98371,31.234180,34.767060,353
98371,31.233961,34.766462,354
98371,31.233801,34.765970,355
98371,31.233548,34.765222,356
98371,31.233556,34.765211,357
98371,31.233565,34.765195,358
98371,31.233572,34.765177,359
98371,31.233577,34.765159,360
98371,31.233581,34.765140,361
98371,31.233582,34.765121,362
98371,31.233581,34.765102,363
98371,31.233578,34.765083,364
98371,31.233573,34.765064,365
98371,31.233567,34.765047,366
98371,31.233558,34.765030,367
98371,31.233548,34.765015,368
98371,31.233536,34.765002,369
98371,31.233529,34.764996,370
98371,31.233515,34.764985,371
98371,31.233501,34.764976,372
98371,31.233493,34.764973,373
98371,31.233477,34.764968,374
98371,31.233461,34.764965,375
98371,31.233455,34.764964,376
98371,31.233436,34.764965,377
98371,31.233419,34.764968,378
98371,31.233403,34.764973,379
98371,31.233396,34.764977,380
98371,31.233381,34.764986,381
98371,31.233367,34.764996,383
98371,31.233355,34.765009,384
98371,31.233349,34.765016,385
98371,31.233339,34.765031,386
98371,31.233330,34.765048,387
98371,31.233324,34.765065,388
98371,31.233105,34.765174,389
98371,31.232874,34.765248,390
98371,31.232708,34.765317,391
98371,31.232637,34.765358,392
98371,31.232546,34.765420,393
98371,31.232442,34.765520,394
98371,31.232248,34.765723,395
98371,31.232145,34.765916,396
98371,31.232068,34.766102,397
98371,31.231923,34.766516,398
98371,31.231796,34.766882,399
98371,31.231708,34.767055,400
98371,31.231689,34.767055,401
98371,31.231677,34.767057,402
98371,31.231667,34.767061,403
98371,31.231656,34.767066,404
98371,31.231646,34.767073,405
98371,31.231641,34.767078,406
98371,31.231562,34.767046,407
98371,31.231495,34.767017,408
98371,31.231323,34.766891,409
98371,31.231213,34.766807,410
98371,31.231079,34.766697,411
98371,31.230865,34.766453,412
98371,31.230866,34.766440,413
98371,31.230865,34.766427,414
98371,31.230862,34.766408,415
98371,31.230858,34.766395,416
98371,31.230852,34.766384,417
98371,31.230842,34.766368,418
98371,31.230829,34.766354,419
98371,31.230820,34.766347,420
98371,31.230814,34.766344,421
98371,31.230809,34.766341,422
98371,31.230793,34.766335,423
98371,31.230776,34.766333,424
98371,31.230758,34.766334,425
98371,31.230742,34.766339,426
98371,31.230731,34.766344,427
98371,31.230721,34.766351,428
98371,31.230708,34.766364,429
98371,31.230700,34.766373,430
98371,31.230696,34.766381,431
98371,31.230691,34.766390,432
98371,31.230686,34.766402,433
98371,31.230682,34.766421,434
98371,31.230680,34.766441,435
98371,31.230682,34.766461,436
98371,31.230687,34.766480,437
98371,31.230696,34.766498,438
98371,31.230706,34.766513,439
98371,31.230720,34.766526,440
98371,31.230666,34.766690,441
98371,31.230558,34.767139,442
98371,31.230486,34.767564,443
98371,31.230441,34.767825,444
98371,31.230385,34.768538,445
98371,31.230384,34.768934,446
98371,31.230417,34.769262,447
98371,31.230513,34.769920,448
98371,31.230619,34.770364,449
98371,31.230725,34.770737,450
98371,31.230832,34.770965,451
98371,31.230881,34.771053,452
98371,31.230941,34.771132,453
98371,31.231009,34.771198,454
98371,31.231085,34.771256,455
98371,31.231167,34.771300,456
98371,31.231235,34.771328,457
98371,31.231356,34.771341,458
98371,31.231505,34.771332,459
98371,31.231647,34.771312,460
98371,31.231702,34.771300,461
98371,31.231838,34.771214,462
98371,31.231845,34.771228,463
98371,31.231854,34.771242,464
98371,31.231859,34.771249,465
98371,31.231871,34.771261,466
98371,31.231883,34.771271,467
98371,31.231896,34.771279,468
98371,31.231911,34.771286,469
98371,31.231918,34.771288,470
98371,31.231936,34.771292,471
98371,31.232065,34.771590,472
98371,31.232369,34.772362,473
98371,31.232558,34.772752,474
98371,31.232785,34.773097,475
98371,31.232945,34.773298,476
98371,31.233149,34.773489,477
98371,31.233332,34.773632,478
98371,31.233520,34.773751,479
98371,31.233713,34.773847,480
98371,31.233946,34.773944,481
98371,31.234076,34.773984,482
98371,31.234224,34.774136,483
98371,31.234261,34.774217,484
98371,31.234336,34.774401,485
98371,31.234332,34.774451,486
98371,31.234323,34.774812,487
98371,31.234339,34.775229,488
98371,31.234343,34.775328,489
98371,31.234371,34.775588,490
98371,31.234384,34.775718,491
98371,31.234431,34.775972,492
98371,31.234461,34.776543,493
98371,31.234449,34.776621,494
98371,31.234416,34.776694,495
98371,31.234364,34.776746,496
98371,31.234359,34.776749,497
98371,31.234205,34.776815,498
98371,31.234057,34.776820,499
98371,31.233914,34.776833,500
98371,31.233646,34.776858,501
98371,31.233116,34.776915,502
98371,31.232762,34.776946,503
98371,31.232480,34.776962,504
98371,31.232222,34.776945,505
98371,31.232009,34.776913,506
98371,31.231754,34.776837,507
98371,31.231264,34.776620,508
98371,31.230893,34.776348,509
98371,31.230762,34.776236,510
98371,31.230550,34.776054,511
98371,31.230188,34.775705,512
98371,31.229779,34.775371,513
98371,31.229162,34.774830,514
98371,31.228832,34.774547,515
98371,31.228634,34.774420,516
98371,31.228383,34.774286,517
98371,31.228188,34.774210,518
98371,31.227927,34.774116,519
98371,31.227626,34.774004,520
98371,31.227311,34.773863,521
98371,31.227079,34.773726,522
98371,31.226981,34.773693,523
98371,31.226947,34.773686,524
98371,31.226921,34.773689,525
98371,31.226871,34.773694,526
98371,31.226858,34.773701,527
98371,31.226824,34.773720,528
98371,31.226781,34.773771,529
98371,31.226771,34.773782,530
98371,31.226659,34.773950,531
98371,31.226525,34.774192,532
98371,31.226478,34.774316,533
98371,31.225659,34.775396,534
98371,31.224466,34.776995,535
98371,31.224301,34.776803,536
98371,31.224197,34.776708,537
98371,31.223819,34.776305,538
98371,31.223481,34.775943,539
98371,31.223298,34.776184,540
98371,31.223108,34.776416,541
98371,31.223023,34.776489,542
98371,31.222911,34.776569,543
98371,31.222828,34.776530,544
98371,31.222745,34.776474,545
98371,31.222521,34.776271,546
98371,31.222120,34.775839,547
98371,31.221708,34.775415,548
98371,31.221308,34.775003,549
98371,31.220902,34.774585,550
98371,31.220508,34.774180,551
98371,31.220254,34.773916,552
98371,31.220220,34.773862,553
98371,31.220196,34.773744,554
98371,31.220198,34.773623,555
98371,31.220211,34.773566,556
98371,31.220239,34.773505,557
98371,31.220615,34.773010,558
98371,31.220670,34.772933,559
98371,31.221059,34.772449,560
98371,31.221123,34.772385,561
98371,31.221176,34.772360,562
98371,31.221254,34.772337,563
98371,31.221346,34.772355,564
98371,31.221418,34.772393,565
98371,31.221513,34.772466,566
98371,31.221677,34.772627,567
98371,31.221702,34.772652,568
98371,31.222079,34.773039,569
98371,31.222399,34.773371,570
98371,31.222498,34.773476,571
98371,31.222905,34.773900,572
98371,31.223219,34.774231,573
98371,31.223289,34.774305,574
98371,31.223710,34.774722,575
98371,31.223924,34.774974,576
98371,31.223955,34.775049,577
98371,31.223977,34.775135,578
98371,31.223972,34.775249,579
98371,31.223960,34.775294,580
98371,31.223933,34.775362,581
98371,31.223481,34.775943,582
98371,31.223819,34.776305,583
98371,31.224197,34.776708,584
98371,31.224301,34.776803,585
98371,31.224466,34.776995,586
98371,31.224558,34.777099,587
98371,31.224803,34.777471,588
98371,31.224860,34.777572,589
98371,31.224951,34.777796,590
98371,31.224971,34.777873,591
98371,31.225083,34.778300,592
98371,31.225228,34.778937,593
98371,31.225355,34.779531,594
98371,31.225399,34.779700,595
98371,31.225506,34.780168,596
98371,31.225552,34.780498,597
98371,31.225597,34.780784,598
98371,31.225616,34.781128,599
98371,31.225617,34.782977,600
