82367,31.274525,34.780935,1
82367,31.272447,34.781243,2
82367,31.272102,34.781300,3
82367,31.272083,34.781301,4
82367,31.271876,34.781215,5
82367,31.271813,34.781153,6
82367,31.271789,34.781111,7
82367,31.271706,34.780907,8
82367,31.271656,34.780283,9
82367,31.271639,34.780088,10
82367,31.271617,34.779757,11
82367,31.271595,34.779520,12
82367,31.271571,34.779267,13
82367,31.271519,34.778903,14
82367,31.271513,34.778860,15
82367,31.271441,34.778502,16
82367,31.271411,34.778368,17
82367,31.271379,34.778222,18
82367,31.271240,34.777777,19
82367,31.271184,34.777625,20
82367,31.271108,34.777419,21
82367,31.271120,34.777408,22
82367,31.271126,34.777400,23
82367,31.271137,34.777385,24
82367,31.271146,34.777368,25
82367,31.271150,34.777359,26
82367,31.271156,34.777344,27
82367,31.271161,34.777321,28
82367,31.271164,34.777301,29
82367,31.271164,34.777291,30
82367,31.271164,34.777281,31
82367,31.271162,34.777262,32
82367,31.271158,34.777242,33
82367,31.271155,34.777233,34
82367,31.271148,34.777214,35
82367,31.271144,34.777205,36
82367,31.271139,34.777197,37
82367,31.271128,34.777181,38
82367,31.271122,34.777174,39
82367,31.271109,34.777161,40
82367,31.271102,34.777155,41
82367,31.271089,34.777146,42
82367,31.271072,34.777137,43
82367,31.271055,34.777132,44
82367,31.271046,34.777130,45
82367,31.271029,34.777128,46
82367,31.271012,34.777129,47
82367,31.271004,34.777130,48
82367,31.270775,34.776606,49
82367,31.270640,34.776266,50
82367,31.270556,34.776060,51
82367,31.270259,34.775335,52
82367,31.269713,34.774008,53
82367,31.269562,34.773624,54
82367,31.269485,34.773444,55
82367,31.269479,34.773281,56
82367,31.269482,34.773231,57
82367,31.269491,34.773193,58
82367,31.269530,34.773092,59
82367,31.269820,34.772930,60
82367,31.269867,34.772898,61
82367,31.270118,34.772733,62
82367,31.270195,34.772667,63
82367,31.270346,34.772583,64
82367,31.270779,34.772340,65
82367,31.270979,34.772212,66
82367,31.271006,34.772185,67
82367,31.271042,34.772122,68
82367,31.271167,34.772104,69
82367,31.271263,34.772073,70
82367,31.271340,34.772033,71
82367,31.271463,34.771946,72
82367,31.271518,34.771876,73
82367,31.271577,34.771791,74
82367,31.271667,34.771557,75
82367,31.271758,34.771101,76
82367,31.271927,34.770443,77
82367,31.271946,34.770277,78
82367,31.271932,34.770157,79
82367,31.271885,34.769963,80
82367,31.271575,34.769153,81
82367,31.270937,34.767432,82
82367,31.270698,34.766897,83
82367,31.270711,34.766889,84
82367,31.270716,34.766883,85
82367,31.270721,34.766877,86
82367,31.270726,34.766870,87
82367,31.270729,34.766863,88
82367,31.270732,34.766855,89
82367,31.270734,34.766847,90
82367,31.270735,34.766830,91
82367,31.270733,34.766817,92
82367,31.270728,34.766801,93
82367,31.270720,34.766788,94
82367,31.270712,34.766779,95
82367,31.270702,34.766772,96
82367,31.270696,34.766769,97
82367,31.270689,34.766766,98
82367,31.270678,34.766765,99
82367,31.270670,34.766765,100
82367,31.270663,34.766766,101
82367,31.270653,34.766770,102
82367,31.270646,34.766774,103
82367,31.270640,34.766779,104
82367,31.270632,34.766788,105
82367,31.270262,34.766172,106
82367,31.270320,34.766115,107
82367,31.270560,34.765846,108
82367,31.270852,34.765486,109
82367,31.271186,34.765027,110
82367,31.271336,34.764821,111
82367,31.271623,34.764415,112
82367,31.272130,34.763684,113
82367,31.272280,34.763465,114
82367,31.272344,34.763373,115
82367,31.272275,34.763305,116
82367,31.272040,34.763067,117
82367,31.271779,34.762766,118
82367,31.271662,34.762579,119
82367,31.271560,34.762394,120
82367,31.271274,34.761811,121
82367,31.270989,34.761203,122
82367,31.270906,34.761260,123
82367,31.270503,34.761539,124
82367,31.270113,34.762063,125
82367,31.269831,34.762456,126
82367,31.269391,34.763034,127
82367,31.269057,34.763529,128
82367,31.269048,34.763513,129
82367,31.269037,34.763503,130
82367,31.269026,34.763495,131
82367,31.269010,34.763490,132
82367,31.268993,34.763491,133
82367,31.268981,34.763496,134
82367,31.268966,34.763506,135
82367,31.268954,34.763522,136
82367,31.268948,34.763534,137
82367,31.268655,34.763000,138
82367,31.268601,34.762930,139
82367,31.268223,34.762428,140
82367,31.267848,34.761949,141
82367,31.267783,34.761870,142
82367,31.267363,34.761351,143
82367,31.266787,34.760701,144
82367,31.266385,34.760254,145
82367,31.265890,34.759705,146
82367,31.265481,34.759231,147
82367,31.265815,34.758725,148
82367,31.265885,34.758634,149
82367,31.266269,34.758028,150
82367,31.266445,34.757803,151
82367,31.266632,34.757564,152
82367,31.266985,34.757029,153
82367,31.267341,34.756550,154
82367,31.266946,34.756078,155
82367,31.266537,34.755548,156
82367,31.266393,34.755307,157
82367,31.266307,34.755228,158
82367,31.266213,34.755136,159
82367,31.265922,34.754965,160
82367,31.265516,34.754830,161
82367,31.265216,34.755695,162
82367,31.265012,34.756356,163
82367,31.264880,34.756740,164
82367,31.264689,34.757295,165
82367,31.264477,34.757923,166
82367,31.264338,34.758338,167
82367,31.263949,34.759570,168
82367,31.263877,34.759812,169
82367,31.263686,34.760197,170
82367,31.263440,34.760533,171
82367,31.263691,34.760788,172
82367,31.264042,34.761142,173
82367,31.264037,34.761149,174
82367,31.264030,34.761159,175
82367,31.264025,34.761170,176
82367,31.264021,34.761181,177
82367,31.264017,34.761200,178
82367,31.264017,34.761212,179
82367,31.264018,34.761224,180
82367,31.264022,34.761242,181
82367,31.264026,34.761254,182
82367,31.264032,34.761264,183
82367,31.264043,34.761279,184
82367,31.264051,34.761287,185
82367,31.264059,34.761293,186
82367,31.264071,34.761300,187
82367,31.264087,34.761306,188
82367,31.264104,34.761309,189
82367,31.264122,34.761309,190
82367,31.264139,34.761304,191
82367,31.264149,34.761300,192
82367,31.264164,34.761290,193
82367,31.264176,34.761280,194
82367,31.264494,34.761624,195
82367,31.265011,34.762158,196
82367,31.265441,34.762655,197
82367,31.266077,34.763272,198
82367,31.266068,34.763286,199
82367,31.266062,34.763295,200
82367,31.266053,34.763316,201
82367,31.266046,34.763339,202
82367,31.266041,34.763362,203
82367,31.266040,34.763373,204
82367,31.266039,34.763397,205
82367,31.266041,34.763420,206
82367,31.266045,34.763444,207
82367,31.266053,34.763468,208
82367,31.266061,34.763487,209
82367,31.266072,34.763507,210
82367,31.266085,34.763525,211
82367,31.266100,34.763541,212
82367,31.266108,34.763548,213
82367,31.266125,34.763560,214
82367,31.266143,34.763570,215
82367,31.266161,34.763577,216
82367,31.266183,34.763582,217
82367,31.266203,34.763583,218
82367,31.266223,34.763582,219
82367,31.266242,34.763578,220
82367,31.266319,34.763644,221
82367,31.266513,34.763862,222
82367,31.266812,34.764241,223
82367,31.267538,34.765144,224
82367,31.267963,34.765787,225
82367,31.268286,34.766283,226
82367,31.268392,34.766432,227
82367,31.268675,34.766906,228
82367,31.268722,34.767027,229
82367,31.268705,34.767042,230
82367,31.268681,34.767077,231
82367,31.268668,34.767106,232
82367,31.268659,34.767149,233
82367,31.268658,34.767162,234
82367,31.268348,34.767375,235
82367,31.267581,34.767810,236
82367,31.267192,34.768048,237
82367,31.266904,34.768230,238
82367,31.266569,34.768487,239
82367,31.266488,34.768550,240
82367,31.266281,34.768725,241
82367,31.265507,34.769158,242
82367,31.264918,34.769469,243
82367,31.264543,34.769693,244
82367,31.264344,34.769831,245
82367,31.263762,34.770233,246
82367,31.263444,34.770419,247
82367,31.263421,34.770403,248
82367,31.263397,34.770397,249
82367,31.263366,34.770389,250
82367,31.263322,34.770393,251
82367,31.263285,34.770408,252
82367,31.263257,34.770429,253
82367,31.263250,34.770436,254
82367,31.263226,34.770461,255
82367,31.263206,34.770499,256
82367,31.263193,34.770545,257
82367,31.263193,34.770570,258
82367,31.262865,34.770856,259
82367,31.262431,34.771197,260
82367,31.261980,34.771604,261
82367,31.261641,34.771942,262
82367,31.261131,34.772495,263
82367,31.260937,34.772691,264
82367,31.260896,34.772737,265
82367,31.260856,34.772783,266
82367,31.260642,34.773040,267
82367,31.260451,34.773290,268
82367,31.259685,34.774261,269
82367,31.259210,34.774848,270
82367,31.258524,34.775694,271
82367,31.258473,34.775757,272
82367,31.258385,34.775849,273
82367,31.258159,34.776130,274
82367,31.257677,34.776729,275
82367,31.257288,34.777306,276
82367,31.256907,34.778027,277
82367,31.256774,34.778319,278
82367,31.256608,34.778681,279
82367,31.256187,34.779590,280
82367,31.255919,34.780191,281
82367,31.255792,34.780545,282
82367,31.255685,34.780716,283
82367,31.255678,34.780718,284
82367,31.255658,34.780727,285
82367,31.255651,34.780731,286
82367,31.255639,34.780741,287
82367,31.255633,34.780746,288
82367,31.255623,34.780758,289
82367,31.255614,34.780771,290
82367,31.255606,34.780786,291
82367,31.255600,34.780801,292
82367,31.255596,34.780817,293
82367,31.255593,34.780834,294
82367,31.255593,34.780851,295
82367,31.255594,34.780868,296
82367,31.255597,34.780884,297
82367,31.255602,34.780900,298
82367,31.255605,34.780908,299
82367,31.255464,34.781202,300
82367,31.255273,34.781593,301
82367,31.254929,34.782194,302
82367,31.254890,34.782262,303
82367,31.254352,34.783022,304
82367,31.253702,34.783756,305
82367,31.253214,34.784224,306
82367,31.253020,34.784418,307
82367,31.252690,34.784758,308
82367,31.252521,34.784983,309
82367,31.252382,34.785212,310
82367,31.252193,34.785640,311
82367,31.252140,34.785786,312
82367,31.252103,34.785957,313
82367,31.252055,34.786269,314
82367,31.252007,34.786708,315
82367,31.252002,34.786745,316
82367,31.251998,34.786809,317
82367,31.251988,34.786940,318
82367,31.251977,34.787174,319
82367,31.251967,34.787542,320
82367,31.251899,34.788544,321
82367,31.251809,34.789765,322
82367,31.251777,34.790267,323
82367,31.251727,34.790916,324
82367,31.251705,34.791197,325
82367,31.251699,34.791276,326
82367,31.251689,34.791425,327
82367,31.251683,34.791603,328
82367,31.251689,34.792044,329
82367,31.251664,34.792866,330
82367,31.251659,34.793345,331
82367,31.251664,34.793524,332
82367,31.251651,34.793911,333
82367,31.251610,34.794233,334
82367,31.251538,34.794627,335
82367,31.251371,34.795529,336
82367,31.251358,34.795605,337
82367,31.251252,34.796233,338
82367,31.251112,34.796863,339
82367,31.251013,34.797307,340
82367,31.250724,34.797832,341
82367,31.250662,34.797888,342
82367,31.250368,34.797991,343
82367,31.249744,34.798002,344
82367,31.249357,34.798005,345
82367,31.249075,34.797998,346
82367,31.248899,34.797993,347
82367,31.248479,34.797935,348
82367,31.248187,34.797843,349
82367,31.247647,34.797587,350
82367,31.247274,34.797375,351
82367,31.247205,34.797327,352
82367,31.247124,34.797494,353
82367,31.247062,34.797622,354
82367,31.246982,34.797794,355
82367,31.246957,34.797844,356
82367,31.246902,34.798012,357
82367,31.246854,34.798190,358
82367,31.246832,34.798389,359
82367,31.246819,34.798651,360
82367,31.246820,34.799095,361
82367,31.246821,34.799424,362
82367,31.246821,34.799941,363
82367,31.246809,34.799947,364
82367,31.246799,34.799954,365
82367,31.246789,34.799963,366
82367,31.246781,34.799972,367
82367,31.246774,34.799983,368
82367,31.246768,34.799995,369
82367,31.246763,34.800007,370
82367,31.246759,34.800020,371
82367,31.246758,34.800034,372
82367,31.246757,34.800047,373
82367,31.246759,34.800067,374
82367,31.246764,34.800087,375
82367,31.246769,34.800100,376
82367,31.246776,34.800111,377
82367,31.246779,34.800116,378
82367,31.246783,34.800122,379
82367,31.246792,34.800131,380
82367,31.246802,34.800139,381
82367,31.246812,34.800145,382
82367,31.246823,34.800150,383
82367,31.246834,34.800154,384
82367,31.246855,34.800155,385
82367,31.246946,34.800399,386
82367,31.247011,34.800569,387
82367,31.247030,34.800604,388
82367,31.247068,34.800659,389
82367,31.247372,34.801797,390
82367,31.247428,34.802024,391
82367,31.247472,34.802160,392
82367,31.247551,34.802422,393
82367,31.247612,34.802639,394
82367,31.247637,34.802809,395
82367,31.247654,34.802907,396
82367,31.247650,34.803004,397
82367,31.247631,34.803068,398
82367,31.247584,34.803161,399
82367,31.247439,34.803289,400
82367,31.247195,34.803508,401
82367,31.247104,34.803575,402
82367,31.246789,34.803787,403
82367,31.246610,34.803892,404
82367,31.246391,34.803999,405
82367,31.246226,34.804097,406
82367,31.245239,34.804611,407
82367,31.244985,34.804806,408
82367,31.244889,34.804909,409
82367,31.244636,34.805218,410
82367,31.244528,34.805374,411
82367,31.244453,34.805533,412
82367,31.244399,34.805684,413
82367,31.244308,34.806055,414
82367,31.244294,34.806132,415
82367,31.244237,34.806449,416
82367,31.244217,34.806562,417
82367,31.244169,34.807080,418
82367,31.244128,34.807509,419
82367,31.244056,34.808280,420
82367,31.244024,34.808747,421
82367,31.244019,34.808831,422
82367,31.244007,34.808982,423
82367,31.244003,34.809063,424
82367,31.243988,34.809288,425
82367,31.244006,34.809573,426
82367,31.244043,34.809829,427
82367,31.244104,34.810152,428
82367,31.244141,34.810269,429
82367,31.244270,34.810626,430
82367,31.244294,34.810667,431
82367,31.244460,34.810957,432
82367,31.244737,34.811386,433
82367,31.244817,34.811509,434
82367,31.244929,34.811701,435
82367,31.244979,34.811773,436
82367,31.245008,34.811764,437
82367,31.245175,34.811685,438
82367,31.245236,34.811657,439
82367,31.245323,34.811607,440
82367,31.245525,34.811503,441
82367,31.245711,34.811368,442
82367,31.246025,34.811153,443
82367,31.246030,34.811167,444
82367,31.246036,34.811179,445
82367,31.246041,34.811188,446
82367,31.246050,34.811201,447
82367,31.246066,34.811217,448
82367,31.246084,34.811229,449
82367,31.246104,34.811237,450
82367,31.246125,34.811241,451
82367,31.246146,34.811240,452
82367,31.246167,34.811235,453
82367,31.246184,34.811226,454
82367,31.246192,34.811221,455
82367,31.246204,34.811211,456
82367,31.246219,34.811194,457
82367,31.246231,34.811174,458
82367,31.246239,34.811151,459
82367,31.246244,34.811127,460
82367,31.246245,34.811103,461
82367,31.246242,34.811079,462
82367,31.246237,34.811060,463
82367,31.246567,34.810950,464
82367,31.246672,34.810931,465
82367,31.246765,34.810921,466
82367,31.246871,34.810919,467
82367,31.247125,34.810922,468
82367,31.247125,34.810928,469
82367,31.247129,34.810952,470
82367,31.247136,34.810974,471
82367,31.247143,34.810988,472
82367,31.247151,34.811001,473
82367,31.247166,34.811018,474
82367,31.247183,34.811032,475
82367,31.247202,34.811041,476
82367,31.247216,34.811045,477
82367,31.247229,34.811047,478
82367,31.247236,34.811047,479
82367,31.247250,34.811046,480
82367,31.247271,34.811041,481
82367,31.247290,34.811031,482
82367,31.247301,34.811023,483
82367,31.247312,34.811012,484
82367,31.247326,34.810994,485
82367,31.247336,34.810974,486
82367,31.247339,34.810965,487
82367,31.247597,34.810991,488
82367,31.247681,34.811000,489
82367,31.248093,34.811073,490
82367,31.248286,34.811107,491
82367,31.248700,34.811176,492
82367,31.248715,34.811180,493
82367,31.249217,34.811315,494
82367,31.249237,34.811310,495
82367,31.249253,34.811298,496
82367,31.249323,34.811338,497
82367,31.249678,34.811509,498
82367,31.250000,34.811750,499
82367,31.250440,34.812104,500
82367,31.250907,34.812584,501
82367,31.250958,34.812653,502
82367,31.251141,34.812893,503
82367,31.251341,34.813194,504
82367,31.251406,34.813303,505
82367,31.251477,34.813422,506
82367,31.251528,34.813513,507
82367,31.251547,34.813542,508
82367,31.251885,34.814082,509
82367,31.252313,34.814736,510
82367,31.252503,34.815036,511
82367,31.252183,34.815359,512
82367,31.251851,34.815782,513
82367,31.251117,34.816763,514
82367,31.250579,34.817520,515
82367,31.250058,34.818237,516
82367,31.249882,34.818363,517
82367,31.249816,34.818376,518
82367,31.249769,34.818371,519
82367,31.249603,34.818299,520
82367,31.249522,34.818208,521
82367,31.249247,34.817931,522
