96251,31.248085,34.815676,1
96251,31.247825,34.815851,2
96251,31.247577,34.815457,3
96251,31.246577,34.813851,4
96251,31.245942,34.812884,5
96251,31.245450,34.812151,6
96251,31.245175,34.811685,7
96251,31.245130,34.811605,8
96251,31.244947,34.811326,9
96251,31.244764,34.811024,10
96251,31.244590,34.810759,11
96251,31.244459,34.810514,12
96251,31.244353,34.810249,13
96251,31.244300,34.810069,14
96251,31.244251,34.809870,15
96251,31.244226,34.809741,16
96251,31.244195,34.809372,17
96251,31.244194,34.809126,18
96251,31.244210,34.808901,19
96251,31.244220,34.808797,20
96251,31.244252,34.808459,21
96251,31.244301,34.807836,22
96251,31.244325,34.807537,23
96251,31.244338,34.807436,24
96251,31.244346,34.807101,25
96251,31.244369,34.806792,26
96251,31.244387,34.806580,27
96251,31.244463,34.806169,28
96251,31.244479,34.806084,29
96251,31.244509,34.805904,30
96251,31.244553,34.805731,31
96251,31.244602,34.805602,32
96251,31.244714,34.805357,33
96251,31.244983,34.805035,34
96251,31.245020,34.804991,35
96251,31.245080,34.804937,36
96251,31.245248,34.804791,37
96251,31.245701,34.804526,38
96251,31.246240,34.804246,39
96251,31.246455,34.804141,40
96251,31.246604,34.804069,41
96251,31.246821,34.803941,42
96251,31.246933,34.803866,43
96251,31.247114,34.803745,44
96251,31.247277,34.803608,45
96251,31.247332,34.803562,46
96251,31.247440,34.803471,47
96251,31.247512,34.803403,48
96251,31.247707,34.803221,49
96251,31.247847,34.803083,50
96251,31.247772,34.802980,51
96251,31.247612,34.802639,52
96251,31.247551,34.802422,53
96251,31.247472,34.802160,54
96251,31.247428,34.802024,55
96251,31.247372,34.801797,56
96251,31.247068,34.800659,57
96251,31.247057,34.800540,58
96251,31.246921,34.800119,59
96251,31.246931,34.800105,60
96251,31.246937,34.800093,61
96251,31.246941,34.800080,62
96251,31.246944,34.800067,63
96251,31.246946,34.800054,64
96251,31.246945,34.800033,65
96251,31.246943,34.800020,66
96251,31.246937,34.800000,67
96251,31.246932,34.799988,68
96251,31.246925,34.799977,69
96251,31.246913,34.799962,70
96251,31.246904,34.799954,71
96251,31.246897,34.799094,72
96251,31.246895,34.798474,73
96251,31.246909,34.798312,74
96251,31.246982,34.798021,75
96251,31.247031,34.797884,76
96251,31.247174,34.797733,77
96251,31.247218,34.797707,78
96251,31.247320,34.797711,79
96251,31.247535,34.797749,80
96251,31.247630,34.797807,81
96251,31.247974,34.797954,82
96251,31.248309,34.798059,83
96251,31.248571,34.798126,84
96251,31.248753,34.798155,85
96251,31.248970,34.798175,86
96251,31.249150,34.798197,87
96251,31.249646,34.798176,88
96251,31.250384,34.798131,89
96251,31.250667,34.798108,90
96251,31.250820,34.798105,91
96251,31.250936,34.798107,92
96251,31.250964,34.797973,93
96251,31.251051,34.797564,94
96251,31.251068,34.797484,95
96251,31.251233,34.796792,96
96251,31.251320,34.796396,97
96251,31.251472,34.795537,98
96251,31.251489,34.795440,99
96251,31.251657,34.794455,100
96251,31.251735,34.793987,101
96251,31.251755,34.793684,102
96251,31.251762,34.793307,103
96251,31.251761,34.792982,104
96251,31.251795,34.791661,105
96251,31.251806,34.791301,106
96251,31.251809,34.791224,107
96251,31.251818,34.790969,108
96251,31.251866,34.790243,109
96251,31.251914,34.789673,110
96251,31.251950,34.789160,111
96251,31.252002,34.788283,112
96251,31.252044,34.787709,113
96251,31.252058,34.787522,114
96251,31.252076,34.787215,115
96251,31.252097,34.786862,116
96251,31.252108,34.786750,117
96251,31.252139,34.786459,118
96251,31.252183,34.786083,119
96251,31.252270,34.785756,120
96251,31.252295,34.785699,121
96251,31.252395,34.785468,122
96251,31.252624,34.785053,123
96251,31.252845,34.784769,124
96251,31.253250,34.784397,125
96251,31.253277,34.784370,126
96251,31.253592,34.784064,127
96251,31.254318,34.783315,128
96251,31.254664,34.782850,129
96251,31.254868,34.782557,130
96251,31.255089,34.782220,131
96251,31.255339,34.781770,132
96251,31.255593,34.781209,133
96251,31.255714,34.780984,134
96251,31.255726,34.780983,135
96251,31.255741,34.780980,136
96251,31.255755,34.780974,137
96251,31.255762,34.780971,138
96251,31.255781,34.780958,139
96251,31.255792,34.780948,140
96251,31.255797,34.780942,141
96251,31.255811,34.780922,142
96251,31.255918,34.780944,143
96251,31.256137,34.780958,144
96251,31.256380,34.780963,145
96251,31.257209,34.780985,146
96251,31.257284,34.780978,147
96251,31.257578,34.780993,148
96251,31.258312,34.781011,149
96251,31.258428,34.780997,150
96251,31.258443,34.780743,151
96251,31.258548,34.780118,152
96251,31.258710,34.779404,153
96251,31.258750,34.779225,154
96251,31.258856,34.778793,155
96251,31.258930,34.778413,156
96251,31.258960,34.778125,157
96251,31.258972,34.777813,158
96251,31.258962,34.777418,159
96251,31.258923,34.777077,160
96251,31.258881,34.776878,161
96251,31.258844,34.776709,162
96251,31.258758,34.776410,163
96251,31.258580,34.775979,164
96251,31.258539,34.775894,165
96251,31.258686,34.775725,166
96251,31.259162,34.775155,167
96251,31.259482,34.774771,168
96251,31.260325,34.773695,169
96251,31.260738,34.773169,170
96251,31.260912,34.772959,171
96251,31.260945,34.772917,172
96251,31.260983,34.772874,173
96251,31.261197,34.772636,174
96251,31.261476,34.772339,175
96251,31.261831,34.771996,176
96251,31.262236,34.771600,177
96251,31.262666,34.771237,178
96251,31.263171,34.770845,179
96251,31.263262,34.770728,180
96251,31.263267,34.770733,181
96251,31.263312,34.770754,182
96251,31.263359,34.770762,183
96251,31.263376,34.770759,184
96251,31.263402,34.770756,185
96251,31.263428,34.770746,186
96251,31.263484,34.770701,187
96251,31.263493,34.770685,188
96251,31.263515,34.770647,189
96251,31.263527,34.770585,190
96251,31.263653,34.770477,191
96251,31.263922,34.770323,192
96251,31.264226,34.770119,193
96251,31.264788,34.769763,194
96251,31.265133,34.769547,195
96251,31.265735,34.769215,196
96251,31.266222,34.768908,197
96251,31.266523,34.768658,198
96251,31.266542,34.768638,199
96251,31.266621,34.768569,200
96251,31.266733,34.768472,201
96251,31.266860,34.768379,202
96251,31.267074,34.768234,203
96251,31.267628,34.767919,204
96251,31.268010,34.767698,205
96251,31.268477,34.767418,206
96251,31.268715,34.767302,207
96251,31.268736,34.767321,208
96251,31.268770,34.767335,209
96251,31.268809,34.767343,210
96251,31.268848,34.767340,211
96251,31.268882,34.767328,212
96251,31.268920,34.767303,214
96251,31.268941,34.767280,215
96251,31.268955,34.767259,216
96251,31.268958,34.767253,217
96251,31.268970,34.767223,218
96251,31.268976,34.767193,219
96251,31.268978,34.767180,220
96251,31.268974,34.767132,221
96251,31.268964,34.767095,222
96251,31.268937,34.767049,223
96251,31.268921,34.767033,224
96251,31.268890,34.767010,225
96251,31.268852,34.766995,226
96251,31.268812,34.766991,227
96251,31.268708,34.766821,229
96251,31.268691,34.766793,230
96251,31.268465,34.766394,231
96251,31.268393,34.766269,232
96251,31.268078,34.765795,233
96251,31.268032,34.765723,234
96251,31.267778,34.765322,235
96251,31.267614,34.765083,236
96251,31.267519,34.764946,237
96251,31.267278,34.764656,238
96251,31.266961,34.764254,239
96251,31.266877,34.764148,240
96251,31.266613,34.763819,241
96251,31.266454,34.763615,242
96251,31.266355,34.763459,243
96251,31.266360,34.763442,244
96251,31.266362,34.763431,245
96251,31.266364,34.763419,246
96251,31.266366,34.763395,247
96251,31.266365,34.763372,248
96251,31.266361,34.763349,249
96251,31.266358,34.763337,250
96251,31.266355,34.763326,251
96251,31.266347,34.763304,252
96251,31.266336,34.763284,253
96251,31.266323,34.763266,254
96251,31.266316,34.763257,255
96251,31.266301,34.763241,256
96251,31.266284,34.763229,257
96251,31.266275,34.763223,258
96251,31.266257,34.763214,259
96251,31.266247,34.763210,260
96251,31.266227,34.763205,261
96251,31.266217,34.763204,262
96251,31.266197,34.763203,263
96251,31.266187,34.763204,264
96251,31.266176,34.763206,265
96251,31.266157,34.763211,266
96251,31.266147,34.763214,267
96251,31.266128,34.763224,268
96251,31.266119,34.763230,269
96251,31.266103,34.763243,270
96251,31.266087,34.763258,271
96251,31.266077,34.763272,272
96251,31.265441,34.762655,273
96251,31.265011,34.762158,274
96251,31.264494,34.761624,275
96251,31.264176,34.761280,276
96251,31.264181,34.761274,277
96251,31.264188,34.761264,278
96251,31.264194,34.761253,279
96251,31.264198,34.761241,280
96251,31.264202,34.761223,281
96251,31.264203,34.761211,282
96251,31.264202,34.761199,283
96251,31.264199,34.761181,284
96251,31.264195,34.761169,285
96251,31.264189,34.761158,286
96251,31.264183,34.761148,287
96251,31.264175,34.761139,288
96251,31.264166,34.761131,289
96251,31.264158,34.761124,290
96251,31.264146,34.761118,291
96251,31.264130,34.761113,292
96251,31.264112,34.761110,293
96251,31.264095,34.761112,294
96251,31.264084,34.761114,295
96251,31.264068,34.761121,296
96251,31.264053,34.761131,297
96251,31.264042,34.761142,298
96251,31.263691,34.760788,299
96251,31.263440,34.760533,300
96251,31.263686,34.760197,301
96251,31.263877,34.759812,302
96251,31.263949,34.759570,303
96251,31.264338,34.758338,304
96251,31.264477,34.757923,305
96251,31.264689,34.757295,306
96251,31.264880,34.756740,307
96251,31.265012,34.756356,308
96251,31.265216,34.755695,309
96251,31.265516,34.754830,310
96251,31.265922,34.754965,311
96251,31.266213,34.755136,312
96251,31.266307,34.755228,313
96251,31.266393,34.755307,314
96251,31.266537,34.755548,315
96251,31.266946,34.756078,316
96251,31.267341,34.756550,317
96251,31.266985,34.757029,318
96251,31.266632,34.757564,319
96251,31.266445,34.757803,320
96251,31.266269,34.758028,321
96251,31.265885,34.758634,322
96251,31.265815,34.758725,323
96251,31.265481,34.759231,324
96251,31.265890,34.759705,325
96251,31.266385,34.760254,326
96251,31.266787,34.760701,327
96251,31.267363,34.761351,328
96251,31.267783,34.761870,329
96251,31.267848,34.761949,330
96251,31.268223,34.762428,331
96251,31.268601,34.762930,332
96251,31.268655,34.763000,333
96251,31.268948,34.763534,334
96251,31.268943,34.763547,335
96251,31.268938,34.763570,336
96251,31.268938,34.763605,337
96251,31.268944,34.763627,338
96251,31.268948,34.763638,339
96251,31.268956,34.763652,340
96251,31.268965,34.763663,341
96251,31.268976,34.763672,342
96251,31.268988,34.763678,343
96251,31.268996,34.763680,344
96251,31.269008,34.763681,345
96251,31.269029,34.763674,346
96251,31.269331,34.764090,347
96251,31.269680,34.764697,348
96251,31.269950,34.765232,349
96251,31.270222,34.764862,350
96251,31.270351,34.764688,351
96251,31.270564,34.764403,352
96251,31.270759,34.764113,353
96251,31.270945,34.763893,354
96251,31.270993,34.763828,355
96251,31.271243,34.763496,356
96251,31.271280,34.763437,357
96251,31.271318,34.763352,358
96251,31.271304,34.763290,359
96251,31.271274,34.763206,360
96251,31.271106,34.762893,361
96251,31.271057,34.762801,362
96251,31.270746,34.762092,363
96251,31.270503,34.761539,364
96251,31.270906,34.761260,365
96251,31.271104,34.761673,366
96251,31.271412,34.762295,367
96251,31.271615,34.762670,368
96251,31.271726,34.762835,369
96251,31.271859,34.763005,370
96251,31.271998,34.763166,371
96251,31.272051,34.763320,372
96251,31.272063,34.763363,373
96251,31.272070,34.763423,374
96251,31.272013,34.763665,375
96251,31.271760,34.764033,376
96251,31.271103,34.764949,377
96251,31.270781,34.765411,378
96251,31.270557,34.765701,379
96251,31.270393,34.765898,380
96251,31.270215,34.766094,381
96251,31.270262,34.766172,382
96251,31.270632,34.766788,383
96251,31.270626,34.766798,384
96251,31.270621,34.766810,385
96251,31.270618,34.766822,386
96251,31.270617,34.766835,387
96251,31.270619,34.766847,388
96251,31.270622,34.766860,389
96251,31.270627,34.766871,390
96251,31.270635,34.766882,391
96251,31.270642,34.766889,392
96251,31.270648,34.766894,393
96251,31.270658,34.766899,394
96251,31.270666,34.766901,395
96251,31.270676,34.766902,396
96251,31.270684,34.766901,397
96251,31.270691,34.766900,398
96251,31.270698,34.766897,399
96251,31.270937,34.767432,400
96251,31.271575,34.769153,401
96251,31.271885,34.769963,402
96251,31.271932,34.770157,403
96251,31.271946,34.770277,404
96251,31.271927,34.770443,405
96251,31.271758,34.771101,406
96251,31.271667,34.771557,407
96251,31.271577,34.771791,408
96251,31.271518,34.771876,409
96251,31.271463,34.771946,410
96251,31.271340,34.772033,411
96251,31.271263,34.772073,412
96251,31.271167,34.772104,413
96251,31.271042,34.772122,414
96251,31.271006,34.772185,415
96251,31.270979,34.772212,416
96251,31.270779,34.772340,417
96251,31.270346,34.772583,418
96251,31.270195,34.772667,419
96251,31.270091,34.772697,421
96251,31.269837,34.772817,422
96251,31.269519,34.773007,423
96251,31.269344,34.773098,424
96251,31.269237,34.773152,425
96251,31.269271,34.773235,426
96251,31.269373,34.773485,427
96251,31.269890,34.774741,428
96251,31.270584,34.776427,429
96251,31.270898,34.777226,430
96251,31.270893,34.777243,431
96251,31.270889,34.777263,432
96251,31.270887,34.777283,433
96251,31.270887,34.777293,434
96251,31.270888,34.777313,435
96251,31.270892,34.777332,436
96251,31.270895,34.777342,437
96251,31.270901,34.777360,438
96251,31.270910,34.777378,439
96251,31.270915,34.777386,440
96251,31.270926,34.777401,441
96251,31.270938,34.777415,442
96251,31.270952,34.777427,443
96251,31.270968,34.777436,444
96251,31.270984,34.777443,445
96251,31.270994,34.777447,446
96251,31.271146,34.777816,447
96251,31.271284,34.778276,448
96251,31.271371,34.778656,449
96251,31.271430,34.778978,450
96251,31.271467,34.779258,451
96251,31.271523,34.779862,452
96251,31.271600,34.780910,453
96251,31.271611,34.781100,454
96251,31.271607,34.781275,455
96251,31.271581,34.781294,456
96251,31.271555,34.781333,457
96251,31.271549,34.781351,458
96251,31.271543,34.781370,459
96251,31.271536,34.781406,460
96251,31.271535,34.781440,461
96251,31.271548,34.781496,462
96251,31.271561,34.781522,463
96251,31.271568,34.781534,464
96251,31.271603,34.781574,465
96251,31.271631,34.781589,466
96251,31.271643,34.781595,467
96251,31.271670,34.781600,468
96251,31.271705,34.781599,469
96251,31.271741,34.781586,470
96251,31.271773,34.781563,471
96251,31.271787,34.781545,472
96251,31.271809,34.781517,473
96251,31.271819,34.781489,474
96251,31.271957,34.781441,475
96251,31.272105,34.781414,476
96251,31.273173,34.781267,477
