87377,31.280061,34.821551,1
87377,31.280038,34.821704,2
87377,31.280023,34.821880,3
87377,31.280022,34.822029,4
87377,31.280031,34.822072,5
87377,31.280035,34.822092,6
87377,31.280083,34.822167,7
87377,31.280129,34.822181,8
87377,31.280183,34.822166,9
87377,31.280225,34.822116,10
87377,31.280246,34.822038,11
87377,31.280250,34.821949,12
87377,31.280233,34.821860,13
87377,31.280226,34.821830,14
87377,31.280216,34.821792,15
87377,31.280190,34.821703,16
87377,31.280156,34.821635,17
87377,31.280119,34.821595,18
87377,31.280061,34.821551,19
87377,31.280063,34.821536,20
87377,31.280066,34.821421,21
87377,31.280070,34.821282,22
87377,31.280427,34.821459,23
87377,31.280439,34.821486,24
87377,31.280450,34.821503,25
87377,31.280468,34.821525,26
87377,31.280476,34.821534,27
87377,31.280488,34.821544,28
87377,31.280504,34.821555,29
87377,31.280524,34.821566,30
87377,31.280545,34.821574,31
87377,31.280563,34.821578,32
87377,31.280577,34.821579,33
87377,31.280599,34.821579,34
87377,31.280610,34.821578,35
87377,31.280628,34.821574,36
87377,31.280643,34.821570,37
87377,31.280663,34.821560,38
87377,31.280673,34.821554,39
87377,31.280692,34.821541,40
87377,31.280700,34.821533,41
87377,31.280717,34.821515,42
87377,31.280724,34.821506,43
87377,31.280737,34.821485,44
87377,31.280748,34.821463,45
87377,31.280756,34.821439,46
87377,31.280762,34.821414,47
87377,31.280765,34.821388,48
87377,31.280765,34.821363,49
87377,31.280763,34.821337,50
87377,31.280757,34.821312,51
87377,31.280754,34.821300,52
87377,31.280745,34.821277,53
87377,31.280733,34.821255,54
87377,31.280727,34.821244,55
87377,31.280712,34.821225,56
87377,31.280704,34.821217,57
87377,31.280691,34.821206,58
87377,31.280677,34.821194,59
87377,31.280657,34.821183,60
87377,31.280636,34.821174,61
87377,31.280625,34.821171,62
87377,31.280604,34.821167,63
87377,31.280582,34.821167,64
87377,31.280571,34.821168,65
87377,31.280551,34.821171,66
87377,31.280528,34.821179,67
87377,31.280517,34.821183,68
87377,31.280498,34.821195,69
87377,31.280488,34.821202,70
87377,31.280471,34.821218,71
87377,31.280463,34.821226,72
87377,31.280448,34.821246,73
87377,31.280436,34.821267,74
87377,31.280276,34.821227,75
87377,31.280079,34.821145,76
87377,31.279669,34.820924,77
87377,31.279017,34.820447,78
87377,31.278966,34.820535,79
87377,31.278836,34.820757,80
87377,31.278787,34.820843,81
87377,31.278577,34.821224,82
87377,31.278504,34.821378,83
87377,31.278421,34.821502,84
87377,31.278331,34.821590,85
87377,31.278271,34.821627,86
87377,31.278163,34.821682,87
87377,31.278140,34.821644,88
87377,31.278115,34.821605,89
87377,31.278077,34.821578,90
87377,31.278001,34.821554,91
87377,31.277960,34.821558,92
87377,31.277931,34.821567,93
87377,31.277914,34.821572,94
87377,31.277862,34.821617,95
87377,31.277821,34.821681,96
87377,31.277808,34.821748,97
87377,31.277811,34.821768,98
87377,31.277819,34.821831,99
87377,31.277835,34.821872,100
87377,31.277857,34.821905,101
87377,31.277890,34.821940,102
87377,31.277948,34.821974,103
87377,31.278016,34.821984,104
87377,31.278042,34.821976,105
87377,31.278048,34.822170,106
87377,31.278024,34.822269,107
87377,31.277988,34.822421,108
87377,31.277976,34.822439,109
87377,31.277909,34.822541,110
87377,31.277747,34.822802,111
87377,31.277711,34.822877,112
87377,31.277687,34.822929,113
87377,31.277612,34.823133,114
87377,31.277566,34.823333,115
87377,31.277544,34.823437,116
87377,31.277491,34.823804,117
87377,31.277432,34.824204,118
87377,31.277401,34.824354,119
87377,31.277365,34.824478,120
87377,31.277329,34.824558,121
87377,31.277325,34.824568,122
87377,31.277282,34.824641,123
87377,31.277217,34.824720,124
87377,31.277110,34.824811,125
87377,31.276969,34.824885,126
87377,31.276844,34.824917,127
87377,31.276739,34.824926,128
87377,31.276640,34.824918,129
87377,31.276517,34.824885,130
87377,31.276509,34.824882,131
87377,31.276376,34.824776,132
87377,31.276286,34.824695,133
87377,31.276207,34.824607,134
87377,31.276116,34.824468,135
87377,31.276059,34.824339,136
87377,31.276040,34.824214,137
87377,31.276035,34.824099,138
87377,31.276046,34.823994,139
87377,31.276074,34.823841,140
87377,31.276107,34.823697,141
87377,31.276164,34.823553,142
87377,31.276263,34.823344,143
87377,31.276413,34.822998,144
87377,31.276427,34.822958,145
87377,31.276473,34.822859,146
87377,31.276607,34.822570,147
87377,31.276670,34.822365,148
87377,31.276719,34.822205,149
87377,31.276855,34.821713,150
87377,31.276199,34.821630,151
87377,31.275987,34.821614,152
87377,31.275606,34.821571,153
87377,31.275588,34.821720,154
87377,31.275530,34.821952,155
87377,31.275437,34.822328,156
87377,31.275428,34.822369,157
87377,31.275370,34.822599,158
87377,31.275161,34.823163,159
87377,31.275048,34.823467,160
87377,31.274964,34.823647,161
87377,31.274835,34.823798,162
87377,31.274759,34.823857,163
87377,31.274694,34.823907,164
87377,31.274605,34.823957,165
87377,31.274490,34.823992,166
87377,31.274392,34.824003,167
87377,31.274298,34.823996,168
87377,31.274213,34.823971,169
87377,31.274096,34.823917,170
87377,31.273938,34.823670,171
87377,31.273900,34.823602,172
87377,31.273899,34.823592,173
87377,31.273893,34.823535,174
87377,31.273911,34.823441,175
87377,31.273936,34.823352,176
87377,31.273972,34.823249,177
87377,31.274009,34.823151,178
87377,31.274083,34.822958,179
87377,31.274165,34.822779,180
87377,31.274225,34.822632,181
87377,31.274230,34.822617,182
87377,31.274302,34.822474,183
87377,31.274400,34.822260,184
87377,31.274422,34.822183,185
87377,31.274443,34.822109,186
87377,31.274476,34.821995,187
87377,31.274538,34.821651,188
87377,31.274570,34.821660,189
87377,31.274603,34.821661,190
87377,31.274640,34.821649,191
87377,31.274683,34.821622,192
87377,31.274719,34.821584,193
87377,31.274745,34.821532,194
87377,31.274761,34.821475,195
87377,31.274757,34.821411,196
87377,31.274740,34.821352,197
87377,31.274708,34.821301,198
87377,31.274676,34.821269,199
87377,31.274632,34.821241,200
87377,31.274677,34.821044,201
87377,31.274707,34.820911,202
87377,31.274770,34.820627,203
87377,31.274848,34.820276,204
87377,31.274896,34.820029,205
87377,31.274906,34.819733,206
87377,31.274900,34.818303,207
87377,31.274898,34.817559,208
87377,31.274895,34.816530,209
87377,31.274894,34.816245,210
87377,31.274734,34.816226,211
87377,31.274306,34.816154,212
87377,31.274155,34.816117,213
87377,31.273923,34.816065,214
87377,31.273721,34.815996,215
87377,31.273563,34.815960,216
87377,31.273272,34.815887,217
87377,31.273106,34.815854,218
87377,31.273004,34.815835,219
87377,31.272509,34.815615,220
87377,31.272308,34.815481,221
87377,31.272090,34.815297,222
87377,31.271861,34.815101,223
87377,31.271525,34.814878,224
87377,31.271433,34.814841,225
87377,31.271327,34.814798,226
87377,31.271132,34.814747,227
87377,31.270884,34.814738,228
87377,31.270750,34.814742,229
87377,31.270685,34.814222,230
87377,31.270685,34.813971,231
87377,31.270685,34.813831,232
87377,31.270696,34.813792,233
87377,31.270715,34.813683,234
87377,31.270791,34.813269,235
87377,31.271088,34.812668,236
87377,31.271280,34.812401,237
87377,31.271766,34.811772,238
87377,31.271985,34.811602,239
87377,31.272022,34.811593,240
87377,31.272049,34.811593,241
87377,31.272143,34.811612,242
87377,31.272227,34.811709,243
87377,31.272397,34.811918,244
87377,31.272599,34.812214,245
87377,31.272770,34.812545,246
87377,31.272945,34.812961,247
87377,31.273160,34.813484,248
87377,31.273299,34.813806,249
87377,31.273493,34.814124,250
87377,31.273619,34.814263,251
87377,31.273799,34.814437,252
87377,31.273963,34.814564,253
87377,31.274122,34.814656,254
87377,31.274544,34.814822,255
87377,31.274560,34.814832,256
87377,31.274959,34.814956,257
87377,31.274961,34.814964,258
87377,31.274966,34.814977,259
87377,31.274978,34.814996,260
87377,31.274986,34.815006,261
87377,31.275002,34.815020,262
87377,31.275015,34.815028,263
87377,31.275025,34.815033,264
87377,31.275038,34.815036,265
87377,31.275057,34.815038,266
87377,31.275076,34.815036,267
87377,31.275095,34.815030,268
87377,31.275114,34.815018,269
87377,31.275128,34.815006,270
87377,31.275141,34.814989,271
87377,31.275150,34.814970,272
87377,31.275157,34.814949,273
87377,31.275160,34.814926,274
87377,31.275160,34.814904,275
87377,31.275158,34.814889,276
87377,31.275154,34.814875,277
87377,31.275149,34.814861,278
87377,31.275142,34.814848,279
87377,31.275129,34.814831,280
87377,31.275114,34.814817,281
87377,31.275103,34.814809,282
87377,31.275093,34.814804,283
87377,31.275124,34.814583,284
87377,31.275186,34.814229,285
87377,31.275556,34.812917,286
87377,31.275870,34.811584,287
87377,31.276059,34.810864,288
87377,31.276147,34.810493,289
87377,31.276172,34.810360,290
87377,31.276351,34.808708,291
87377,31.276370,34.808449,292
87377,31.276168,34.808428,293
87377,31.275987,34.808432,294
87377,31.275882,34.808440,295
87377,31.275706,34.808484,296
87377,31.275516,34.808587,297
87377,31.275288,34.808759,298
87377,31.275066,34.808935,299
87377,31.274924,34.809054,300
87377,31.274655,34.809312,301
87377,31.274362,34.809518,302
87377,31.274188,34.809640,303
87377,31.273736,34.810004,304
87377,31.273311,34.810372,305
87377,31.273113,34.810557,306
87377,31.273016,34.810616,307
87377,31.272623,34.810954,308
87377,31.272328,34.811183,309
87377,31.272302,34.811198,310
87377,31.272196,34.811261,311
87377,31.272156,34.811280,312
87377,31.272114,34.811291,313
87377,31.271977,34.811291,314
87377,31.271806,34.811172,315
87377,31.271397,34.810837,316
87377,31.271301,34.810764,317
87377,31.271253,34.810805,318
87377,31.271215,34.810837,319
87377,31.270855,34.811127,320
87377,31.270217,34.811643,321
87377,31.269202,34.812466,322
87377,31.268455,34.813103,323
87377,31.268334,34.813196,324
87377,31.268224,34.813275,325
87377,31.268212,34.813268,326
87377,31.268193,34.813261,327
87377,31.268184,34.813261,328
87377,31.268095,34.813163,329
87377,31.268030,34.813090,330
87377,31.267835,34.812811,331
87377,31.267776,34.812718,332
87377,31.267745,34.812631,333
87377,31.267749,34.812614,334
87377,31.267750,34.812594,335
87377,31.267747,34.812574,336
87377,31.267739,34.812549,337
87377,31.267727,34.812529,338
87377,31.267708,34.812510,340
87377,31.267693,34.812501,341
87377,31.267665,34.812493,342
87377,31.267642,34.812494,343
87377,31.267614,34.812504,344
87377,31.267606,34.812510,345
87377,31.267293,34.812066,346
87377,31.267178,34.811896,347
87377,31.266905,34.811492,348
87377,31.266854,34.811406,349
87377,31.266482,34.810767,350
87377,31.266513,34.810736,351
87377,31.266541,34.810678,352
87377,31.266544,34.810635,353
87377,31.266631,34.810538,354
87377,31.266802,34.810376,355
87377,31.266936,34.810222,356
87377,31.267003,34.810123,357
87377,31.267038,34.810073,358
87377,31.267110,34.809909,359
87377,31.267128,34.809858,360
87377,31.267165,34.809755,361
87377,31.267194,34.809675,362
87377,31.267222,34.809584,363
87377,31.267278,34.809401,364
87377,31.267363,34.809118,365
87377,31.267450,34.808819,366
87377,31.267464,34.808813,367
87377,31.267480,34.808802,368
87377,31.267494,34.808788,369
87377,31.267504,34.808773,370
87377,31.267512,34.808758,371
87377,31.267515,34.808747,372
87377,31.267518,34.808737,373
87377,31.267521,34.808723,374
87377,31.267521,34.808701,375
87377,31.267519,34.808680,376
87377,31.267513,34.808659,377
87377,31.267507,34.808646,378
87377,31.267500,34.808634,379
87377,31.267487,34.808619,380
87377,31.267608,34.808323,381
87377,31.267623,34.808276,382
87377,31.267710,34.808031,383
87377,31.267793,34.807798,384
87377,31.267928,34.807373,385
87377,31.268122,34.806748,386
87377,31.268244,34.806393,387
87377,31.268272,34.806306,388
87377,31.268473,34.805652,389
87377,31.268548,34.805459,390
87377,31.268642,34.805264,391
87377,31.268730,34.805120,392
87377,31.269043,34.804804,393
87377,31.269311,34.804621,394
87377,31.269429,34.804508,395
87377,31.268848,34.803250,396
87377,31.268830,34.803113,397
87377,31.268816,34.803073,398
87377,31.268799,34.803052,399
87377,31.268772,34.803033,400
87377,31.268740,34.803021,401
87377,31.268704,34.803023,402
87377,31.268682,34.803035,403
87377,31.268666,34.803054,404
87377,31.268644,34.803102,405
87377,31.268644,34.803140,406
87377,31.268652,34.803177,407
87377,31.268668,34.803204,408
87377,31.268674,34.803210,409
87377,31.268693,34.803229,410
87377,31.268718,34.803247,411
87377,31.268746,34.803255,412
87377,31.268848,34.803250,413
87377,31.269429,34.804508,414
87377,31.269311,34.804621,415
87377,31.269043,34.804804,416
87377,31.268730,34.805120,417
87377,31.268642,34.805264,418
87377,31.268488,34.805457,419
87377,31.268432,34.805567,420
87377,31.268154,34.806353,421
87377,31.267998,34.806802,422
87377,31.267617,34.808003,423
87377,31.267534,34.808264,424
87377,31.267437,34.808435,425
87377,31.267392,34.808476,426
87377,31.267332,34.808502,427
87377,31.267245,34.808509,428
87377,31.267113,34.808493,429
87377,31.266716,34.808302,430
87377,31.266433,34.808174,431
87377,31.265951,34.807913,432
87377,31.265724,34.807777,433
87377,31.264702,34.807121,434
87377,31.264302,34.806862,435
87377,31.264044,34.806707,436
87377,31.263531,34.806373,437
87377,31.263437,34.806312,438
87377,31.263248,34.806194,439
87377,31.263194,34.806160,440
87377,31.262935,34.806044,441
87377,31.262892,34.806024,442
87377,31.262655,34.805940,443
87377,31.262555,34.805913,444
87377,31.262501,34.805905,445
87377,31.262463,34.805899,446
87377,31.262274,34.805876,447
87377,31.261985,34.805862,448
87377,31.261252,34.805885,449
87377,31.261076,34.805815,450
87377,31.261007,34.805769,451
87377,31.260949,34.805700,452
87377,31.260911,34.805596,453
87377,31.260919,34.805070,454
87377,31.260926,34.804541,455
87377,31.260932,34.804265,456
87377,31.260934,34.804077,457
87377,31.260938,34.803804,458
87377,31.260943,34.803502,459
87377,31.260963,34.802537,460
87377,31.260992,34.801897,461
87377,31.261020,34.801260,462
87377,31.261029,34.800883,463
87377,31.261042,34.800282,464
87377,31.261061,34.799066,465
87377,31.261065,34.798764,466
87377,31.261065,34.798259,467
87377,31.261066,34.798113,468
87377,31.260972,34.798113,469
87377,31.260497,34.798070,470
87377,31.259704,34.798066,471
87377,31.258911,34.797992,472
87377,31.258524,34.797990,473
87377,31.258443,34.797989,474
87377,31.258014,34.797975,475
87377,31.257705,34.798006,476
87377,31.257559,34.798028,477
87377,31.257060,34.798127,478
87377,31.255858,34.798383,479
87377,31.255542,34.798438,480
87377,31.255423,34.798459,481
87377,31.255140,34.798501,482
87377,31.254496,34.798656,483
87377,31.253657,34.798736,484
87377,31.253118,34.798704,485
87377,31.252761,34.798613,486
87377,31.252636,34.798553,487
87377,31.252521,34.798498,488
87377,31.252410,34.798444,489
87377,31.252045,34.798200,490
87377,31.251895,34.798124,491
87377,31.251769,34.798075,492
87377,31.251702,34.798049,493
87377,31.251439,34.797995,494
87377,31.250964,34.797973,495
87377,31.250851,34.797968,496
87377,31.250368,34.797991,497
87377,31.249744,34.798002,498
87377,31.249357,34.798005,499
87377,31.249075,34.797998,500
87377,31.248899,34.797993,501
87377,31.248479,34.797935,502
87377,31.248187,34.797843,503
87377,31.247647,34.797587,504
87377,31.247274,34.797375,505
87377,31.247205,34.797327,506
87377,31.246767,34.797052,507
87377,31.246340,34.796786,508
87377,31.246055,34.796546,509
87377,31.245934,34.796427,510
87377,31.245730,34.796271,511
87377,31.245481,34.796069,512
87377,31.245306,34.795904,513
87377,31.245145,34.795701,514
87377,31.244886,34.795319,515
87377,31.244835,34.795244,516
87377,31.244726,34.795351,517
87377,31.244517,34.795582,518
87377,31.244420,34.795730,519
87377,31.244259,34.796058,520
87377,31.244149,34.796285,521
87377,31.244055,34.796534,522
87377,31.244034,34.796619,523
87377,31.244014,34.796836,524
87377,31.244015,34.797063,525
87377,31.244006,34.797531,526
87377,31.243994,34.797805,527
87377,31.243990,34.797991,528
87377,31.243976,34.797996,529
87377,31.243967,34.798001,530
87377,31.243955,34.798011,531
87377,31.243948,34.798019,532
87377,31.243942,34.798028,533
87377,31.243934,34.798046,534
87377,31.243932,34.798054,535
87377,31.243930,34.798067,536
87377,31.243929,34.798082,537
87377,31.243930,34.798098,538
87377,31.243934,34.798112,539
87377,31.243706,34.798106,540
87377,31.243407,34.798086,541
87377,31.243345,34.798084,542
87377,31.243287,34.797909,543
87377,31.243131,34.797846,544
87377,31.242994,34.797822,545
87377,31.242898,34.797809,546
87377,31.242361,34.797810,547
87377,31.241869,34.797814,548
87377,31.241604,34.797781,549
87377,31.241495,34.797744,550
87377,31.241382,34.797692,551
87377,31.241347,34.797626,552
87377,31.241325,34.797571,553
87377,31.241211,34.797260,554
87377,31.241172,34.796954,555
87377,31.241163,34.796906,556
87377,31.241150,34.796865,557
87377,31.241346,34.796712,558
87377,31.241364,34.796695,559
87377,31.241461,34.796602,560
87377,31.241629,34.796445,561
87377,31.241815,34.796256,562
87377,31.241951,34.796081,563
87377,31.242090,34.795900,564
87377,31.242540,34.795308,565
87377,31.242685,34.795100,566
87377,31.242811,34.794918,567
87377,31.242894,34.794805,568
87377,31.243010,34.794656,569
87377,31.243460,34.794080,570
87377,31.243637,34.793854,571
87377,31.243761,34.793682,572
87377,31.243942,34.793431,573
87377,31.244026,34.793273,574
87377,31.244239,34.792845,575
87377,31.244249,34.792820,576
87377,31.244391,34.792474,577
87377,31.244405,34.792426,578
87377,31.244493,34.792132,579
87377,31.244706,34.791284,580
87377,31.244711,34.791255,581
87377,31.245025,34.789725,582
87377,31.245056,34.789575,583
87377,31.245126,34.789256,584
87377,31.245216,34.788849,585
87377,31.245562,34.787286,586
87377,31.245800,34.786210,587
87377,31.246080,34.784942,588
87377,31.246368,34.783429,589
87377,31.246450,34.783018,590
87377,31.246469,34.782893,591
87377,31.246510,34.782626,592
87377,31.246586,34.782142,593
87377,31.246711,34.781299,594
87377,31.246809,34.780543,595
87377,31.246903,34.779823,596
87377,31.247014,34.779292,597
87377,31.247178,34.778808,598
87377,31.247345,34.778451,599
87377,31.247513,34.778178,600
87377,31.247690,34.777948,601
87377,31.247960,34.777591,602
87377,31.248653,34.776719,603
87377,31.249079,34.776165,604
87377,31.249758,34.775258,605
87377,31.249812,34.775184,606
87377,31.250254,34.774583,607
87377,31.250612,34.773988,608
87377,31.250681,34.773873,609
87377,31.250993,34.773355,610
87377,31.251430,34.772416,611
87377,31.251752,34.771615,612
87377,31.252044,34.770730,613
87377,31.252149,34.770381,614
87377,31.252182,34.770284,615
87377,31.252194,34.770247,616
87377,31.252307,34.769776,617
87377,31.252343,34.769624,618
87377,31.252584,34.768614,619
87377,31.253108,34.766429,620
87377,31.253211,34.765999,621
87377,31.253295,34.765655,622
87377,31.253505,34.764791,623
87377,31.253892,34.763205,624
87377,31.254003,34.762750,625
87377,31.254245,34.761806,626
87377,31.254263,34.761735,627
87377,31.254389,34.761360,628
87377,31.254485,34.761146,629
87377,31.254611,34.760905,630
87377,31.254861,34.760567,631
87377,31.255075,34.760340,632
87377,31.255203,34.760238,633
87377,31.256046,34.759561,634
87377,31.256389,34.759327,635
87377,31.256578,34.759188,636
87377,31.256800,34.759101,637
87377,31.256905,34.759092,638
87377,31.256939,34.759097,639
87377,31.257049,34.759112,640
87377,31.257272,34.759248,641
87377,31.257642,34.759614,642
87377,31.257788,34.759765,643
87377,31.258115,34.760104,644
87377,31.258723,34.760692,645
87377,31.258929,34.760897,646
87377,31.259422,34.761390,647
87377,31.260340,34.762295,648
87377,31.260948,34.762842,649
87377,31.261143,34.763026,650
87377,31.261171,34.763053,651
87377,31.261199,34.763079,652
87377,31.261262,34.762987,653
87377,31.261370,34.762783,654
87377,31.261425,34.762576,655
87377,31.261448,34.762430,656
87377,31.261438,34.762192,657
87377,31.261369,34.761987,658
87377,31.261270,34.761795,659
87377,31.261054,34.761489,660
87377,31.260956,34.761337,661
87377,31.260760,34.761035,662
87377,31.260573,34.760752,663
87377,31.260494,34.760514,664
87377,31.260474,34.760161,665
87377,31.260533,34.759807,666
87377,31.260572,34.759673,667
87377,31.260640,34.759502,668
87377,31.260656,34.759514,669
87377,31.260668,34.759521,670
87377,31.260686,34.759527,671
87377,31.260699,34.759529,672
87377,31.260719,34.759528,673
87377,31.260732,34.759525,674
87377,31.260744,34.759520,675
87377,31.260762,34.759510,676
87377,31.260772,34.759501,677
87377,31.260786,34.759485,678
87377,31.260797,34.759466,679
87377,31.260803,34.759452,680
87377,31.260809,34.759431,681
87377,31.260810,34.759415,682
87377,31.260810,34.759393,683
87377,31.260807,34.759376,684
87377,31.260915,34.759320,685
87377,31.261011,34.759292,686
87377,31.261312,34.759317,687
87377,31.261697,34.759399,688
87377,31.262110,34.759540,689
87377,31.262618,34.759810,690
87377,31.262909,34.760024,691
87377,31.263208,34.760303,692
87377,31.263440,34.760533,693
87377,31.263686,34.760197,694
87377,31.263877,34.759812,695
87377,31.263949,34.759570,696
87377,31.264338,34.758338,697
87377,31.264477,34.757923,698
87377,31.264689,34.757295,699
87377,31.264880,34.756740,700
87377,31.265012,34.756356,701
87377,31.265216,34.755695,702
87377,31.265516,34.754830,703
87377,31.265922,34.754965,704
87377,31.266213,34.755136,705
87377,31.266307,34.755228,706
87377,31.266393,34.755307,707
87377,31.266537,34.755548,708
87377,31.266946,34.756078,709
87377,31.267341,34.756550,710
87377,31.266985,34.757029,711
87377,31.266632,34.757564,712
87377,31.266445,34.757803,713
87377,31.266269,34.758028,714
87377,31.265885,34.758634,715
87377,31.265815,34.758725,716
87377,31.265481,34.759231,717
87377,31.265890,34.759705,718
87377,31.266385,34.760254,719
87377,31.266787,34.760701,720
87377,31.267363,34.761351,721
87377,31.267783,34.761870,722
87377,31.267848,34.761949,723
87377,31.268223,34.762428,724
87377,31.268601,34.762930,725
87377,31.268655,34.763000,726
87377,31.268948,34.763534,727
87377,31.268943,34.763547,728
87377,31.268938,34.763570,729
87377,31.268938,34.763605,730
87377,31.268944,34.763627,731
87377,31.268948,34.763638,732
87377,31.268956,34.763652,733
87377,31.268965,34.763663,734
87377,31.268976,34.763672,735
87377,31.268988,34.763678,736
87377,31.268996,34.763680,737
87377,31.269008,34.763681,738
87377,31.269029,34.763674,739
87377,31.269331,34.764090,740
87377,31.269680,34.764697,741
87377,31.269950,34.765232,742
87377,31.270222,34.764862,743
87377,31.270351,34.764688,744
87377,31.270564,34.764403,745
87377,31.270759,34.764113,746
87377,31.270945,34.763893,747
87377,31.270993,34.763828,748
87377,31.271243,34.763496,749
87377,31.271280,34.763437,750
87377,31.271318,34.763352,751
87377,31.271304,34.763290,752
87377,31.271274,34.763206,753
87377,31.271106,34.762893,754
87377,31.271057,34.762801,755
87377,31.270746,34.762092,756
87377,31.270503,34.761539,757
87377,31.270906,34.761260,758
87377,31.271104,34.761673,759
87377,31.271412,34.762295,760
87377,31.271615,34.762670,761
87377,31.271726,34.762835,762
87377,31.271859,34.763005,763
87377,31.271998,34.763166,764
87377,31.272051,34.763320,765
87377,31.272063,34.763363,766
87377,31.272070,34.763423,767
87377,31.272013,34.763665,768
87377,31.271760,34.764033,769
87377,31.271103,34.764949,770
87377,31.270781,34.765411,771
87377,31.270557,34.765701,772
87377,31.270393,34.765898,773
87377,31.270215,34.766094,774
87377,31.270262,34.766172,775
87377,31.270632,34.766788,776
87377,31.270626,34.766798,777
87377,31.270621,34.766810,778
87377,31.270618,34.766822,779
87377,31.270617,34.766835,780
87377,31.270619,34.766847,781
87377,31.270622,34.766860,782
87377,31.270627,34.766871,783
87377,31.270635,34.766882,784
87377,31.270642,34.766889,785
87377,31.270648,34.766894,786
87377,31.270658,34.766899,787
87377,31.270666,34.766901,788
87377,31.270676,34.766902,789
87377,31.270684,34.766901,790
87377,31.270691,34.766900,791
87377,31.270698,34.766897,792
87377,31.270937,34.767432,793
87377,31.271575,34.769153,794
87377,31.271885,34.769963,795
87377,31.271932,34.770157,796
87377,31.271946,34.770277,797
87377,31.271927,34.770443,798
87377,31.271758,34.771101,799
87377,31.271667,34.771557,800
87377,31.271577,34.771791,801
87377,31.271518,34.771876,802
87377,31.271463,34.771946,803
87377,31.271340,34.772033,804
87377,31.271263,34.772073,805
87377,31.271167,34.772104,806
87377,31.271042,34.772122,807
87377,31.271020,34.771938,808
87377,31.271010,34.771895,809
87377,31.270873,34.771534,810
87377,31.270706,34.771108,811
87377,31.270625,34.770911,812
87377,31.270504,34.770617,813
87377,31.270265,34.770030,814
87377,31.270003,34.769467,815
87377,31.269677,34.768806,816
87377,31.269528,34.768506,817
87377,31.269410,34.768278,818
87377,31.269389,34.768162,819
87377,31.269278,34.767924,820
87377,31.269211,34.767779,821
87377,31.269001,34.767373,822
87377,31.268955,34.767259,823
87377,31.268958,34.767253,824
87377,31.268970,34.767223,825
87377,31.268976,34.767193,826
87377,31.268978,34.767180,827
87377,31.268974,34.767132,828
87377,31.268964,34.767095,829
87377,31.268937,34.767049,830
87377,31.268921,34.767033,831
87377,31.268890,34.767010,832
87377,31.268852,34.766995,833
87377,31.268812,34.766991,834
87377,31.268708,34.766821,836
87377,31.268691,34.766793,837
87377,31.268465,34.766394,838
87377,31.268393,34.766269,839
87377,31.268078,34.765795,840
87377,31.268032,34.765723,841
87377,31.267778,34.765322,842
87377,31.267614,34.765083,843
87377,31.267519,34.764946,844
87377,31.267278,34.764656,845
87377,31.266961,34.764254,846
87377,31.266877,34.764148,847
87377,31.266613,34.763819,848
87377,31.266454,34.763615,849
87377,31.266355,34.763459,850
87377,31.266360,34.763442,851
87377,31.266362,34.763431,852
87377,31.266364,34.763419,853
87377,31.266366,34.763395,854
87377,31.266365,34.763372,855
87377,31.266361,34.763349,856
87377,31.266358,34.763337,857
87377,31.266355,34.763326,858
87377,31.266347,34.763304,859
87377,31.266336,34.763284,860
87377,31.266323,34.763266,861
87377,31.266316,34.763257,862
87377,31.266301,34.763241,863
87377,31.266284,34.763229,864
87377,31.266275,34.763223,865
87377,31.266257,34.763214,866
87377,31.266247,34.763210,867
87377,31.266227,34.763205,868
87377,31.266217,34.763204,869
87377,31.266197,34.763203,870
87377,31.266187,34.763204,871
87377,31.266176,34.763206,872
87377,31.266157,34.763211,873
87377,31.266147,34.763214,874
87377,31.266128,34.763224,875
87377,31.266119,34.763230,876
87377,31.266103,34.763243,877
87377,31.266087,34.763258,878
87377,31.266077,34.763272,879
87377,31.266068,34.763286,880
87377,31.266062,34.763295,881
87377,31.266053,34.763316,882
87377,31.266046,34.763339,883
87377,31.266041,34.763362,884
87377,31.266040,34.763373,885
87377,31.266039,34.763397,886
87377,31.266041,34.763420,887
87377,31.266045,34.763444,888
87377,31.266053,34.763468,889
87377,31.265975,34.763650,890
87377,31.265531,34.764314,891
87377,31.264727,34.765511,892
87377,31.264620,34.765609,893
87377,31.264551,34.765660,894
87377,31.264431,34.765701,895
87377,31.263653,34.765027,896
87377,31.263256,34.764697,897
87377,31.262718,34.764229,898
87377,31.262151,34.763744,899
87377,31.261618,34.763308,900
87377,31.261456,34.763155,901
87377,31.261303,34.763024,902
87377,31.261262,34.762987,903
87377,31.261204,34.762933,904
87377,31.261143,34.763026,905
87377,31.261099,34.763092,906
87377,31.261000,34.763237,907
87377,31.260957,34.763299,908
87377,31.260806,34.763572,909
87377,31.260758,34.763676,910
87377,31.260823,34.763718,911
87377,31.260900,34.763756,912
87377,31.260925,34.763705,913
87377,31.260977,34.763605,914
87377,31.261103,34.763396,915
87377,31.261147,34.763339,916
87377,31.261185,34.763309,917
87377,31.261248,34.763313,918
87377,31.261288,34.763333,919
87377,31.261323,34.763393,920
87377,31.261324,34.763434,921
87377,31.261304,34.763509,922
87377,31.261153,34.763874,923
