89430,31.274525,34.780935,1
89430,31.272447,34.781243,2
89430,31.272102,34.781300,3
89430,31.272083,34.781301,4
89430,31.271906,34.781312,5
89430,31.271804,34.781326,6
89430,31.271798,34.781312,7
89430,31.271766,34.781278,8
89430,31.271745,34.781267,9
89430,31.271725,34.781255,10
89430,31.271694,34.781247,11
89430,31.271668,34.781249,12
89430,31.271628,34.781261,13
89430,31.271607,34.781275,14
89430,31.271581,34.781294,15
89430,31.271555,34.781333,16
89430,31.271549,34.781351,17
89430,31.271308,34.781459,18
89430,31.271112,34.781537,19
89430,31.270839,34.781672,20
89430,31.270650,34.781778,21
89430,31.270456,34.781906,22
89430,31.270265,34.782053,23
89430,31.270165,34.782136,24
89430,31.269994,34.782284,25
89430,31.269979,34.782272,26
89430,31.269965,34.782263,27
89430,31.269950,34.782257,28
89430,31.269934,34.782253,29
89430,31.269926,34.782252,30
89430,31.269910,34.782251,31
89430,31.269902,34.782252,32
89430,31.269886,34.782255,33
89430,31.269849,34.782272,34
89430,31.269836,34.782283,35
89430,31.269830,34.782289,36
89430,31.269818,34.782303,37
89430,31.269809,34.782318,38
89430,31.269800,34.782335,39
89430,31.269794,34.782352,40
89430,31.269789,34.782371,41
89430,31.269788,34.782380,42
89430,31.269786,34.782399,43
89430,31.269786,34.782419,44
89430,31.269788,34.782432,45
89430,31.269735,34.782507,46
89430,31.269583,34.782673,47
89430,31.269371,34.782915,48
89430,31.269216,34.783116,49
89430,31.269068,34.783349,50
89430,31.268897,34.783630,51
89430,31.268280,34.784746,52
89430,31.268010,34.785224,53
89430,31.267969,34.785297,54
89430,31.267798,34.785601,55
89430,31.267643,34.785897,56
89430,31.267536,34.786102,57
89430,31.267372,34.786379,58
89430,31.267155,34.786711,59
89430,31.266685,34.787286,60
89430,31.266426,34.787601,61
89430,31.266102,34.787997,62
89430,31.265976,34.788158,63
89430,31.265858,34.788286,64
89430,31.265528,34.788569,65
89430,31.265334,34.788714,66
89430,31.265275,34.788753,67
89430,31.264861,34.789031,68
89430,31.264504,34.789225,69
89430,31.264379,34.789281,70
89430,31.264260,34.789317,71
89430,31.264166,34.789332,72
89430,31.264075,34.789338,73
89430,31.263938,34.789338,74
89430,31.263827,34.789335,75
89430,31.263368,34.789229,76
89430,31.263042,34.789129,77
89430,31.262731,34.789066,78
89430,31.262560,34.789010,79
89430,31.262539,34.788984,80
89430,31.262520,34.788969,81
89430,31.262506,34.788962,82
89430,31.262484,34.788954,83
89430,31.262453,34.788951,84
89430,31.262415,34.788959,85
89430,31.262407,34.788963,86
89430,31.261428,34.788395,87
89430,31.261127,34.788202,88
89430,31.260840,34.788030,89
89430,31.260610,34.787907,90
89430,31.260347,34.787796,91
89430,31.260028,34.787720,92
89430,31.259872,34.787708,93
89430,31.259715,34.787700,94
89430,31.259385,34.787657,95
89430,31.259084,34.787643,96
89430,31.258982,34.787627,97
89430,31.258970,34.787764,98
89430,31.258952,34.787972,99
89430,31.258922,34.788440,100
89430,31.258873,34.788891,101
89430,31.258810,34.789257,102
89430,31.258736,34.789652,103
89430,31.258579,34.790418,104
89430,31.258496,34.790804,105
89430,31.258393,34.791094,106
89430,31.258363,34.791489,107
89430,31.258309,34.791988,108
89430,31.258314,34.792342,109
89430,31.258321,34.793339,110
89430,31.258331,34.794489,111
89430,31.258326,34.794706,112
89430,31.258286,34.794911,113
89430,31.258236,34.794969,114
89430,31.258111,34.795061,115
89430,31.258063,34.795063,116
89430,31.257931,34.795079,117
89430,31.257719,34.795071,118
89430,31.257357,34.795062,119
89430,31.257154,34.795071,120
89430,31.256922,34.795086,121
89430,31.256624,34.795099,122
89430,31.256584,34.795101,123
89430,31.256448,34.795109,124
89430,31.256175,34.795111,125
89430,31.255900,34.795137,126
89430,31.255560,34.795166,127
89430,31.255559,34.794751,128
89430,31.255525,34.794272,129
89430,31.255482,34.793986,130
89430,31.255429,34.793727,131
89430,31.255349,34.793409,132
89430,31.255271,34.793128,133
89430,31.255137,34.792812,134
89430,31.255053,34.792671,135
89430,31.254740,34.792098,136
89430,31.254753,34.792080,137
89430,31.254766,34.792046,138
89430,31.254772,34.792015,139
89430,31.254771,34.791976,140
89430,31.254765,34.791946,141
89430,31.254750,34.791913,142
89430,31.254734,34.791892,143
89430,31.254720,34.791881,145
89430,31.254694,34.791871,146
89430,31.254668,34.791874,147
89430,31.254657,34.791878,148
89430,31.254647,34.791884,149
89430,31.254634,34.791897,150
89430,31.254619,34.791919,151
89430,31.254611,34.791939,152
89430,31.254465,34.791767,153
89430,31.254160,34.791571,154
89430,31.254142,34.791565,155
89430,31.253950,34.791501,156
89430,31.253844,34.791466,157
89430,31.253791,34.791460,158
89430,31.253754,34.791455,159
89430,31.253546,34.791428,160
89430,31.253231,34.791394,161
89430,31.252998,34.791360,162
89430,31.252806,34.791323,163
89430,31.252731,34.791307,164
89430,31.252664,34.791308,165
89430,31.252478,34.791305,166
89430,31.252267,34.791289,167
89430,31.252173,34.791258,168
89430,31.252162,34.791257,169
89430,31.251809,34.791224,170
89430,31.251791,34.791223,171
89430,31.251705,34.791197,172
89430,31.251699,34.791276,173
89430,31.251689,34.791425,174
89430,31.251683,34.791603,175
89430,31.251689,34.792044,176
89430,31.251664,34.792866,177
89430,31.251659,34.793345,178
89430,31.251664,34.793524,179
89430,31.251651,34.793911,180
89430,31.251610,34.794233,181
89430,31.251538,34.794627,182
89430,31.251371,34.795529,183
89430,31.251358,34.795605,184
89430,31.251252,34.796233,185
89430,31.251112,34.796863,186
89430,31.251013,34.797307,187
89430,31.250724,34.797832,188
89430,31.250662,34.797888,189
89430,31.250368,34.797991,190
89430,31.249744,34.798002,191
89430,31.249357,34.798005,192
89430,31.249075,34.797998,193
89430,31.248899,34.797993,194
89430,31.248479,34.797935,195
89430,31.248187,34.797843,196
89430,31.247647,34.797587,197
89430,31.247274,34.797375,198
89430,31.247205,34.797327,199
89430,31.246767,34.797052,200
89430,31.246340,34.796786,201
89430,31.246055,34.796546,202
89430,31.245934,34.796427,203
89430,31.245730,34.796271,204
89430,31.245481,34.796069,205
89430,31.245306,34.795904,206
89430,31.245145,34.795701,207
89430,31.244886,34.795319,208
89430,31.244835,34.795244,209
89430,31.244632,34.794914,210
89430,31.244577,34.794800,211
89430,31.244272,34.794118,212
89430,31.243942,34.793431,213
89430,31.243873,34.793288,214
89430,31.243639,34.792807,215
89430,31.243568,34.792562,216
89430,31.243490,34.792252,217
89430,31.243427,34.791660,218
89430,31.243201,34.791318,219
89430,31.242871,34.791018,220
89430,31.242676,34.790796,221
89430,31.242360,34.790501,222
89430,31.241875,34.790027,223
89430,31.241711,34.789903,224
89430,31.241401,34.789631,225
89430,31.241273,34.789501,226
89430,31.241202,34.789450,227
89430,31.240979,34.789225,228
89430,31.240841,34.789100,229
89430,31.240816,34.789034,230
89430,31.240820,34.789027,231
89430,31.240824,34.789018,232
89430,31.240829,34.789004,233
89430,31.240831,34.788988,234
89430,31.240831,34.788973,235
89430,31.240828,34.788957,236
89430,31.240823,34.788943,237
89430,31.240816,34.788930,238
89430,31.240804,34.788917,239
89430,31.240791,34.788907,240
89430,31.240779,34.788902,241
89430,31.240766,34.788899,242
89430,31.240752,34.788899,243
89430,31.240739,34.788902,244
89430,31.240727,34.788907,245
89430,31.240715,34.788916,246
89430,31.240705,34.788927,247
89430,31.240700,34.788935,248
89430,31.240695,34.788944,249
89430,31.240690,34.788958,250
89430,31.240688,34.788973,251
89430,31.240688,34.788989,252
89430,31.240689,34.788999,253
89430,31.240691,34.789009,254
89430,31.240697,34.789023,255
89430,31.240704,34.789036,256
89430,31.240711,34.789044,257
89430,31.240716,34.789049,258
89430,31.240346,34.789603,259
89430,31.239970,34.790217,260
89430,31.240474,34.790714,261
89430,31.240984,34.791216,262
89430,31.241511,34.791722,263
89430,31.242040,34.792227,264
89430,31.241691,34.792659,265
89430,31.241577,34.792796,266
89430,31.241291,34.793155,267
89430,31.241112,34.793439,268
89430,31.240918,34.793754,269
89430,31.240865,34.793824,270
89430,31.240684,34.794055,271
89430,31.240616,34.794061,272
89430,31.240565,34.794096,273
89430,31.240321,34.794435,274
89430,31.240239,34.794558,275
89430,31.240225,34.794561,276
89430,31.240212,34.794567,277
89430,31.240194,34.794578,278
89430,31.240179,34.794593,279
89430,31.240170,34.794604,280
89430,31.240162,34.794617,281
89430,31.240156,34.794631,282
89430,31.240151,34.794646,283
89430,31.240148,34.794661,284
89430,31.240147,34.794677,285
89430,31.240147,34.794693,286
89430,31.240149,34.794708,287
89430,31.240152,34.794723,288
89430,31.240161,34.794745,289
89430,31.240168,34.794758,290
89430,31.240182,34.794775,291
89430,31.240192,34.794785,292
89430,31.240210,34.794797,293
89430,31.240222,34.794803,294
89430,31.240235,34.794807,295
89430,31.240256,34.794809,296
89430,31.240269,34.794808,297
89430,31.240282,34.794805,298
89430,31.240295,34.794800,299
89430,31.240307,34.794793,300
89430,31.240318,34.794785,301
89430,31.240383,34.794853,302
89430,31.240429,34.794932,303
89430,31.240521,34.795222,304
89430,31.240715,34.795782,305
89430,31.241047,34.796741,306
89430,31.241088,34.796913,307
89430,31.241211,34.797260,308
89430,31.241325,34.797571,309
89430,31.241347,34.797626,310
89430,31.241382,34.797692,311
89430,31.241468,34.797800,312
89430,31.241573,34.797890,313
89430,31.241677,34.797933,314
89430,31.241701,34.797937,315
89430,31.241971,34.797985,316
89430,31.243121,34.798000,317
89430,31.243231,34.797986,318
