84116,31.218086,34.808719,1
84116,31.217146,34.808872,2
84116,31.215309,34.809222,3
84116,31.213533,34.809466,4
84116,31.213516,34.810646,5
84116,31.213528,34.810888,6
84116,31.213528,34.812749,7
84116,31.213525,34.812844,8
84116,31.215336,34.812771,9
84116,31.217136,34.812675,10
84116,31.218089,34.812633,11
84116,31.218998,34.812581,12
84116,31.219735,34.812567,13
84116,31.219893,34.812600,14
84116,31.219894,34.812624,15
84116,31.219897,34.812652,16
84116,31.219904,34.812681,17
84116,31.219913,34.812708,18
84116,31.219926,34.812733,19
84116,31.219933,34.812745,20
84116,31.219949,34.812767,21
84116,31.219968,34.812787,22
84116,31.219988,34.812804,23
84116,31.219999,34.812811,24
84116,31.220022,34.812823,25
84116,31.220034,34.812828,26
84116,31.220046,34.812832,27
84116,31.220070,34.812838,28
84116,31.220095,34.812839,29
84116,31.220121,34.812837,30
84116,31.220145,34.812832,31
84116,31.220169,34.812823,32
84116,31.220180,34.812817,33
84116,31.220200,34.812805,34
84116,31.220223,34.812786,35
84116,31.220241,34.812766,36
84116,31.220257,34.812744,37
84116,31.220264,34.812732,38
84116,31.220277,34.812706,39
84116,31.220367,34.812665,40
84116,31.220553,34.812617,41
84116,31.220632,34.812617,42
84116,31.223102,34.812974,43
84116,31.225153,34.813297,44
84116,31.225161,34.813311,45
84116,31.225171,34.813323,46
84116,31.225187,34.813340,47
84116,31.225206,34.813353,48
84116,31.225224,34.813360,49
84116,31.225233,34.813363,50
84116,31.225248,34.813365,51
84116,31.225267,34.813364,52
84116,31.225283,34.813361,53
84116,31.225290,34.813358,54
84116,31.225310,34.813348,55
84116,31.225323,34.813339,56
84116,31.225339,34.813323,57
84116,31.225348,34.813310,58
84116,31.225356,34.813296,59
84116,31.225359,34.813288,60
84116,31.225365,34.813273,61
84116,31.225370,34.813248,62
84116,31.225371,34.813223,63
84116,31.225367,34.813198,64
84116,31.225363,34.813182,65
84116,31.225352,34.813157,66
84116,31.225341,34.813139,67
84116,31.225330,34.813127,68
84116,31.225325,34.813122,69
84116,31.225306,34.813109,70
84116,31.225293,34.813102,71
84116,31.225281,34.813098,72
84116,31.225556,34.811806,73
84116,31.225644,34.811403,74
84116,31.225801,34.810628,75
84116,31.226015,34.809592,76
84116,31.226179,34.808888,77
84116,31.226236,34.808589,78
84116,31.226341,34.808169,79
84116,31.226601,34.806960,80
84116,31.226767,34.806237,81
84116,31.226797,34.806007,82
84116,31.226805,34.805804,83
84116,31.226785,34.805533,84
84116,31.226613,34.804360,85
84116,31.226668,34.804033,86
84116,31.226691,34.803942,87
84116,31.226723,34.803871,88
84116,31.226865,34.803667,89
84116,31.228143,34.803383,90
84116,31.229851,34.802877,91
84116,31.230304,34.802773,92
84116,31.230452,34.802746,93
84116,31.230434,34.802577,94
84116,31.230407,34.802178,95
84116,31.230376,34.801832,96
84116,31.230312,34.801100,97
84116,31.230226,34.800624,98
84116,31.230184,34.800404,99
84116,31.230104,34.800123,100
84116,31.230072,34.800011,101
84116,31.229979,34.799775,102
84116,31.229920,34.799626,103
84116,31.229858,34.799469,104
84116,31.229760,34.799249,105
84116,31.229674,34.799093,106
84116,31.229458,34.798756,107
84116,31.229373,34.798517,108
84116,31.229351,34.798441,109
84116,31.229345,34.798387,110
84116,31.229349,34.798304,111
84116,31.229367,34.798236,112
84116,31.229413,34.798140,113
84116,31.229495,34.798033,114
84116,31.230190,34.797535,115
84116,31.230752,34.797190,116
84116,31.230765,34.797200,117
84116,31.230778,34.797207,118
84116,31.230792,34.797212,119
84116,31.230815,34.797217,120
84116,31.230832,34.797217,121
84116,31.230848,34.797216,122
84116,31.230864,34.797212,123
84116,31.230886,34.797204,124
84116,31.230896,34.797199,125
84116,31.230911,34.797190,126
84116,31.230932,34.797174,127
84116,31.230950,34.797155,128
84116,31.230964,34.797133,129
84116,31.230971,34.797118,130
84116,31.230977,34.797102,131
84116,31.230979,34.797094,132
84116,31.230981,34.797078,133
84116,31.230982,34.797070,134
84116,31.230981,34.797055,135
84116,31.230979,34.797039,136
84116,31.230976,34.797031,137
84116,31.231370,34.796699,138
84116,31.232385,34.796045,139
84116,31.232683,34.795833,140
84116,31.232779,34.795784,141
84116,31.232966,34.795724,142
84116,31.232977,34.795736,143
84116,31.232983,34.795741,144
84116,31.232996,34.795751,145
84116,31.233003,34.795755,146
84116,31.233017,34.795761,147
84116,31.233032,34.795766,148
84116,31.233040,34.795767,149
84116,31.233055,34.795768,150
84116,31.233071,34.795767,151
84116,31.233086,34.795763,152
84116,31.233094,34.795761,153
84116,31.233113,34.795751,154
84116,31.233121,34.795746,155
84116,31.233134,34.795735,156
84116,31.233145,34.795723,157
84116,31.233150,34.795716,158
84116,31.233160,34.795702,159
84116,31.233164,34.795694,160
84116,31.233170,34.795678,161
84116,31.233175,34.795660,162
84116,31.233177,34.795652,163
84116,31.233179,34.795634,164
84116,31.233179,34.795616,165
84116,31.233178,34.795598,166
84116,31.233176,34.795589,167
84116,31.233171,34.795572,168
84116,31.233165,34.795555,169
84116,31.233157,34.795540,170
84116,31.233584,34.795224,171
84116,31.234054,34.794939,172
84116,31.234301,34.794779,173
84116,31.234462,34.794672,174
84116,31.234473,34.794680,175
84116,31.234489,34.794688,176
84116,31.234506,34.794694,177
84116,31.234515,34.794696,178
84116,31.234533,34.794698,179
84116,31.234551,34.794698,180
84116,31.234568,34.794695,181
84116,31.234577,34.794693,182
84116,31.234594,34.794687,183
84116,31.234610,34.794679,184
84116,31.234626,34.794668,185
84116,31.234639,34.794656,186
84116,31.234646,34.794649,187
84116,31.234657,34.794634,188
84116,31.234662,34.794626,189
84116,31.234671,34.794609,190
84116,31.234675,34.794601,191
84116,31.234680,34.794582,192
84116,31.234682,34.794573,193
84116,31.234685,34.794553,194
84116,31.234685,34.794544,195
84116,31.234842,34.794394,196
84116,31.235300,34.794079,197
84116,31.235827,34.793753,198
84116,31.236215,34.793493,199
84116,31.236480,34.793297,200
84116,31.236660,34.793161,201
84116,31.236777,34.793071,202
84116,31.237007,34.792893,203
84116,31.237119,34.792799,204
84116,31.237284,34.792789,205
84116,31.237418,34.792855,206
84116,31.237529,34.793049,207
84116,31.237641,34.793314,208
84116,31.237648,34.793329,209
84116,31.237765,34.793650,210
84116,31.237825,34.793813,211
84116,31.237933,34.794157,212
84116,31.238026,34.794420,213
84116,31.238260,34.795132,214
84116,31.238342,34.795371,215
84116,31.238425,34.795616,216
84116,31.238576,34.796078,217
84116,31.238755,34.796604,218
84116,31.238848,34.796878,219
84116,31.238968,34.797231,220
84116,31.239104,34.797631,221
84116,31.239151,34.797753,222
84116,31.239205,34.797919,223
84116,31.239263,34.797894,224
84116,31.239315,34.797877,225
84116,31.239658,34.797724,226
84116,31.239835,34.797648,227
84116,31.240286,34.797436,228
84116,31.240733,34.797170,229
84116,31.240940,34.797108,230
84116,31.240999,34.797104,231
84116,31.241047,34.797122,232
84116,31.241099,34.797154,233
84116,31.241211,34.797260,234
84116,31.241325,34.797571,235
84116,31.241347,34.797626,236
84116,31.241382,34.797692,237
84116,31.241468,34.797800,238
84116,31.241573,34.797890,239
84116,31.241677,34.797933,240
84116,31.241701,34.797937,241
84116,31.241971,34.797985,242
84116,31.243121,34.798000,243
84116,31.243231,34.797986,244
84116,31.243345,34.798084,246
84116,31.243287,34.797909,247
84116,31.243131,34.797846,248
84116,31.242994,34.797822,249
84116,31.242898,34.797809,250
84116,31.242361,34.797810,251
84116,31.241869,34.797814,252
84116,31.241604,34.797781,253
84116,31.241495,34.797744,254
84116,31.241382,34.797692,255
84116,31.241347,34.797626,256
84116,31.241325,34.797571,257
84116,31.241211,34.797260,258
84116,31.241172,34.796954,259
84116,31.241163,34.796906,260
84116,31.241150,34.796865,261
84116,31.241346,34.796712,262
84116,31.241364,34.796695,263
84116,31.241461,34.796602,264
84116,31.241629,34.796445,265
84116,31.241815,34.796256,266
84116,31.241951,34.796081,267
84116,31.242090,34.795900,268
84116,31.242540,34.795308,269
84116,31.242685,34.795100,270
84116,31.242811,34.794918,271
84116,31.242894,34.794805,272
84116,31.243010,34.794656,273
84116,31.243460,34.794080,274
84116,31.243721,34.793938,275
84116,31.243809,34.793925,276
84116,31.243882,34.793942,277
84116,31.244066,34.794025,278
84116,31.244181,34.794267,279
84116,31.244346,34.794657,280
84116,31.244460,34.794891,281
84116,31.244510,34.794976,282
84116,31.244726,34.795351,283
84116,31.244770,34.795424,284
84116,31.244904,34.795651,285
84116,31.245004,34.795778,286
84116,31.245131,34.795939,287
84116,31.245460,34.796311,288
84116,31.245686,34.796519,289
84116,31.245872,34.796653,290
84116,31.246269,34.796923,291
84116,31.246340,34.796786,292
84116,31.246402,34.796677,293
84116,31.246612,34.796378,294
84116,31.246745,34.796237,295
84116,31.246920,34.795977,296
84116,31.247023,34.795764,297
84116,31.247281,34.795063,298
84116,31.247363,34.794935,299
84116,31.247462,34.794749,300
84116,31.247586,34.794514,301
84116,31.247991,34.793914,302
84116,31.248380,34.793291,303
84116,31.248478,34.793139,304
84116,31.248565,34.792976,305
84116,31.248672,34.792743,306
84116,31.248768,34.792524,307
84116,31.248787,34.792531,308
84116,31.248807,34.792532,309
84116,31.248827,34.792528,310
84116,31.248844,34.792521,311
84116,31.248862,34.792507,312
84116,31.248882,34.792479,313
84116,31.248894,34.792441,314
84116,31.248893,34.792406,315
84116,31.248887,34.792380,316
84116,31.248998,34.792322,317
84116,31.249298,34.792190,318
84116,31.249361,34.792180,319
84116,31.249593,34.792147,320
84116,31.249863,34.792162,321
84116,31.249894,34.792169,322
84116,31.249893,34.792181,323
84116,31.249894,34.792195,324
84116,31.249895,34.792208,325
84116,31.249898,34.792221,326
84116,31.249903,34.792234,327
84116,31.249909,34.792246,328
84116,31.249916,34.792257,329
84116,31.249924,34.792266,330
84116,31.249933,34.792275,331
84116,31.249943,34.792282,332
84116,31.249953,34.792288,333
84116,31.249964,34.792292,334
84116,31.249976,34.792294,335
84116,31.249988,34.792295,336
84116,31.249999,34.792294,337
84116,31.250012,34.792291,338
84116,31.250027,34.792285,339
84116,31.250037,34.792278,340
84116,31.250047,34.792270,341
84116,31.250055,34.792261,342
84116,31.250063,34.792251,343
84116,31.250069,34.792239,344
84116,31.250074,34.792227,345
84116,31.250078,34.792211,346
84116,31.250081,34.792194,347
84116,31.250080,34.792174,348
84116,31.250078,34.792160,349
84116,31.250073,34.792141,350
84116,31.250064,34.792123,351
84116,31.250053,34.792108,352
84116,31.250039,34.792095,353
84116,31.250028,34.792088,354
84116,31.250037,34.791982,355
84116,31.250086,34.791709,356
84116,31.250170,34.791440,357
84116,31.250394,34.790995,358
84116,31.250532,34.790784,359
84116,31.250564,34.790747,360
84116,31.250573,34.790758,361
84116,31.250602,34.790773,362
84116,31.250627,34.790778,363
84116,31.250672,34.790770,364
84116,31.250689,34.790760,365
84116,31.250753,34.790769,366
84116,31.250826,34.790802,367
84116,31.251007,34.790914,368
84116,31.251192,34.791034,369
84116,31.251453,34.791190,370
84116,31.251699,34.791276,371
84116,31.251806,34.791301,372
84116,31.251809,34.791224,373
84116,31.251818,34.790969,374
84116,31.251866,34.790243,375
84116,31.251914,34.789673,376
84116,31.251950,34.789160,377
84116,31.252002,34.788283,378
84116,31.252044,34.787709,379
84116,31.252058,34.787522,380
84116,31.252076,34.787215,381
84116,31.252097,34.786862,382
84116,31.252108,34.786750,383
84116,31.252007,34.786708,384
84116,31.251845,34.786615,385
84116,31.251745,34.786554,386
84116,31.251690,34.786521,387
84116,31.251562,34.786419,388
84116,31.251427,34.786281,389
84116,31.251314,34.786122,390
84116,31.251239,34.785973,391
84116,31.250989,34.785342,392
84116,31.250920,34.785171,393
84116,31.250860,34.785041,394
84116,31.250651,34.784701,395
84116,31.250596,34.784652,396
84116,31.250552,34.784610,397
84116,31.250471,34.784446,398
84116,31.250442,34.784350,399
84116,31.250432,34.784208,400
84116,31.250569,34.783978,401
84116,31.250627,34.783862,402
84116,31.251249,34.782582,403
84116,31.251453,34.782572,404
84116,31.251704,34.782562,405
84116,31.251994,34.782576,406
84116,31.252299,34.782593,407
84116,31.252568,34.782558,408
84116,31.252576,34.782558,409
84116,31.252705,34.782487,410
84116,31.252900,34.782385,411
84116,31.253075,34.782285,412
84116,31.253215,34.782177,413
84116,31.253337,34.782072,414
84116,31.253638,34.781809,415
84116,31.253891,34.781557,416
84116,31.254004,34.781422,417
84116,31.254085,34.781319,418
84116,31.254262,34.781097,419
84116,31.254499,34.780778,420
84116,31.254689,34.780511,421
84116,31.254757,34.780391,422
84116,31.255102,34.779857,423
84116,31.255488,34.779242,424
84116,31.255545,34.779162,425
84116,31.255823,34.778687,426
84116,31.256175,34.778191,427
84116,31.256684,34.777352,428
84116,31.256699,34.777324,429
84116,31.256880,34.777036,430
84116,31.257050,34.776763,431
84116,31.257083,34.776597,432
84116,31.257093,34.776490,433
84116,31.257093,34.776315,434
84116,31.256970,34.775996,435
84116,31.256908,34.775929,436
84116,31.256470,34.775498,437
84116,31.256301,34.775319,438
84116,31.256316,34.775296,439
84116,31.256323,34.775272,440
84116,31.256325,34.775259,441
84116,31.256324,34.775239,442
84116,31.256322,34.775224,443
84116,31.256576,34.774909,444
84116,31.256906,34.774487,445
84116,31.256993,34.774374,446
84116,31.257080,34.774271,447
84116,31.257310,34.773922,448
84116,31.257353,34.773844,449
84116,31.257716,34.773352,450
84116,31.257781,34.773265,451
84116,31.257911,34.773097,452
84116,31.258025,34.772954,453
84116,31.258294,34.772615,454
84116,31.258494,34.772351,455
84116,31.258672,34.772108,456
84116,31.258881,34.771850,457
84116,31.258996,34.771706,458
84116,31.259378,34.771218,459
84116,31.259449,34.771164,460
84116,31.259642,34.770972,461
84116,31.260067,34.771598,462
84116,31.260274,34.771903,463
84116,31.260558,34.772326,464
84116,31.260621,34.772420,465
84116,31.260672,34.772504,466
84116,31.260856,34.772783,467
84116,31.260945,34.772917,468
84116,31.261026,34.773077,469
84116,31.261075,34.773208,470
84116,31.261221,34.773597,471
84116,31.261283,34.773797,472
84116,31.261309,34.773968,473
84116,31.261297,34.773978,474
84116,31.261283,34.773994,475
84116,31.261272,34.774014,476
84116,31.261267,34.774028,477
84116,31.261260,34.774058,478
84116,31.261260,34.774081,479
84116,31.261264,34.774103,480
84116,31.261266,34.774111,481
84116,31.261271,34.774125,482
84116,31.261281,34.774144,483
84116,31.261295,34.774161,484
84116,31.261311,34.774175,485
84116,31.261336,34.774188,486
84116,31.261356,34.774193,487
84116,31.261376,34.774193,488
84116,31.261386,34.774192,489
84116,31.261451,34.774323,490
84116,31.261806,34.775423,491
84116,31.261955,34.775841,492
84116,31.262144,34.776440,493
84116,31.262224,34.776744,494
84116,31.262293,34.776920,495
84116,31.262285,34.776919,496
84116,31.262261,34.776934,497
84116,31.262249,34.776956,498
84116,31.262249,34.776985,499
84116,31.262251,34.776991,500
84116,31.262258,34.777017,501
84116,31.262367,34.777127,502
84116,31.262623,34.777857,503
84116,31.262799,34.778388,504
84116,31.262902,34.778760,505
84116,31.262954,34.778920,506
84116,31.263043,34.779210,507
84116,31.263106,34.779488,508
84116,31.263126,34.779563,509
84116,31.263196,34.779831,510
84116,31.263272,34.780337,511
84116,31.263356,34.780828,512
84116,31.263372,34.780911,513
84116,31.263407,34.781151,514
84116,31.263445,34.781377,515
84116,31.263500,34.781678,516
84116,31.263578,34.782167,517
84116,31.263672,34.782777,518
84116,31.263692,34.782846,519
84116,31.263683,34.782856,520
84116,31.263675,34.782865,521
84116,31.263666,34.782882,522
84116,31.263661,34.782894,523
84116,31.263658,34.782907,524
84116,31.263656,34.782920,525
84116,31.263656,34.782933,526
84116,31.263658,34.782952,527
84116,31.263669,34.783008,528
84116,31.263694,34.783046,529
84116,31.263715,34.783076,530
84116,31.263738,34.783094,531
84116,31.263749,34.783153,532
84116,31.263778,34.783353,533
84116,31.263832,34.783723,534
84116,31.263851,34.783843,535
84116,31.263865,34.783918,536
84116,31.263939,34.784354,537
84116,31.264005,34.784768,538
84116,31.264075,34.785236,539
84116,31.264087,34.785442,540
84116,31.264093,34.785599,541
84116,31.264108,34.785866,542
84116,31.264102,34.786161,543
84116,31.264100,34.786368,544
84116,31.264099,34.786586,545
84116,31.264086,34.787193,546
84116,31.264063,34.787275,547
84116,31.264043,34.787288,548
84116,31.264029,34.787303,549
84116,31.264020,34.787315,550
84116,31.264008,34.787341,551
84116,31.264002,34.787370,552
84116,31.264002,34.787392,553
84116,31.264004,34.787401,554
84116,31.264006,34.787414,555
84116,31.264013,34.787434,556
84116,31.264016,34.787441,557
84116,31.264031,34.787465,558
84116,31.264052,34.787483,559
84116,31.264069,34.787493,560
84116,31.264079,34.787496,561
84116,31.264095,34.787500,562
84116,31.264115,34.787501,563
84116,31.264153,34.787490,564
84116,31.264163,34.787483,565
84116,31.264170,34.787479,566
84116,31.264185,34.787464,567
84116,31.264197,34.787447,568
84116,31.264208,34.787420,569
84116,31.264213,34.787398,570
84116,31.264213,34.787369,571
84116,31.264207,34.787340,572
84116,31.264204,34.787333,573
84116,31.264297,34.787291,574
84116,31.264445,34.787235,575
84116,31.264506,34.787181,576
84116,31.264626,34.787078,577
84116,31.264913,34.786838,578
84116,31.264973,34.786786,579
84116,31.265436,34.786197,580
84116,31.265577,34.785998,581
84116,31.265805,34.785638,582
84116,31.265908,34.785480,583
84116,31.265953,34.785400,584
84116,31.266095,34.785175,585
84116,31.266281,34.784865,586
84116,31.266346,34.784719,587
84116,31.266630,34.784282,588
84116,31.266761,34.784072,589
84116,31.266803,34.784005,590
84116,31.266860,34.783892,591
84116,31.267026,34.783559,592
84116,31.267037,34.783568,593
84116,31.267048,34.783574,594
84116,31.267059,34.783579,595
84116,31.267077,34.783583,596
84116,31.267089,34.783583,597
84116,31.267107,34.783582,598
84116,31.267119,34.783578,599
84116,31.267133,34.783572,600
84116,31.267140,34.783567,601
84116,31.267150,34.783560,602
84116,31.267159,34.783551,603
84116,31.267167,34.783541,604
84116,31.267170,34.783535,605
84116,31.267173,34.783530,606
84116,31.267178,34.783519,607
84116,31.267182,34.783506,608
84116,31.267185,34.783494,609
84116,31.267185,34.783481,610
84116,31.267185,34.783468,611
84116,31.267183,34.783455,612
84116,31.267179,34.783443,613
84116,31.267174,34.783431,614
84116,31.267168,34.783420,615
84116,31.267160,34.783410,616
84116,31.267155,34.783404,617
84116,31.267142,34.783393,618
84116,31.267132,34.783387,619
84116,31.267121,34.783382,620
84116,31.267103,34.783377,621
84116,31.267085,34.783376,622
84116,31.267073,34.783377,623
84116,31.267056,34.783382,624
84116,31.267042,34.783388,625
84116,31.266944,34.783186,626
84116,31.266881,34.783058,627
84116,31.266803,34.782853,628
84116,31.266648,34.782346,629
84116,31.266546,34.781837,630
84116,31.266342,34.780854,631
84116,31.266003,34.779229,632
84116,31.265843,34.778479,633
84116,31.265886,34.778453,634
84116,31.265922,34.778411,635
84116,31.265938,34.778378,636
84116,31.265948,34.778321,637
84116,31.265948,34.778313,638
84116,31.265946,34.778279,639
84116,31.265939,34.778248,640
84116,31.265923,34.778212,641
84116,31.265898,34.778180,642
84116,31.265884,34.778169,643
84116,31.265859,34.778151,644
84116,31.265820,34.778138,645
84116,31.265779,34.778138,646
84116,31.265744,34.778148,647
84116,31.265687,34.778012,648
84116,31.265609,34.777769,649
84116,31.265552,34.777621,650
84116,31.265314,34.777013,651
84116,31.264983,34.776250,652
84116,31.264777,34.775718,653
84116,31.264605,34.775267,654
84116,31.264315,34.774605,655
84116,31.263893,34.772815,656
84116,31.263907,34.772815,657
84116,31.263936,34.772792,658
84116,31.263961,34.772754,659
84116,31.263968,34.772723,660
84116,31.263970,34.772684,661
84116,31.263959,34.772650,662
84116,31.263942,34.772622,663
84116,31.263918,34.772601,664
84116,31.263869,34.772357,665
84116,31.263849,34.772268,666
84116,31.263805,34.772070,667
84116,31.263705,34.771526,668
84116,31.263605,34.771055,669
84116,31.263531,34.770792,670
84116,31.263493,34.770685,671
84116,31.263515,34.770647,672
84116,31.263527,34.770585,673
84116,31.263653,34.770477,674
84116,31.263922,34.770323,675
84116,31.264226,34.770119,676
84116,31.264788,34.769763,677
84116,31.265133,34.769547,678
84116,31.265735,34.769215,679
84116,31.266222,34.768908,680
84116,31.266523,34.768658,681
84116,31.266542,34.768638,682
84116,31.266621,34.768569,683
84116,31.266569,34.768487,684
84116,31.266472,34.768333,685
84116,31.266406,34.768237,686
84116,31.265990,34.767621,687
84116,31.265510,34.766919,688
84116,31.265150,34.766438,689
84116,31.264919,34.766169,690
84116,31.264737,34.765983,691
84116,31.264629,34.765873,692
84116,31.264431,34.765701,693
84116,31.263653,34.765027,694
84116,31.263256,34.764697,695
84116,31.262718,34.764229,696
84116,31.262151,34.763744,697
84116,31.261618,34.763308,698
84116,31.261456,34.763155,699
84116,31.261303,34.763024,700
84116,31.261262,34.762987,701
84116,31.261204,34.762933,702
84116,31.261143,34.763026,703
84116,31.261099,34.763092,704
84116,31.261000,34.763237,705
84116,31.260957,34.763299,706
84116,31.260806,34.763572,707
84116,31.260758,34.763676,708
84116,31.260823,34.763718,709
84116,31.260900,34.763756,710
84116,31.260925,34.763705,711
84116,31.260977,34.763605,712
84116,31.261103,34.763396,713
84116,31.261147,34.763339,714
84116,31.261185,34.763309,715
84116,31.261248,34.763313,716
84116,31.261288,34.763333,717
84116,31.261323,34.763393,718
84116,31.261324,34.763434,719
84116,31.261304,34.763509,720
84116,31.261153,34.763874,721
