88102,31.242525,34.750738,1
88102,31.242245,34.750745,2
88102,31.242198,34.750606,3
88102,31.241872,34.750614,4
88102,31.241874,34.750673,5
88102,31.241903,34.752100,6
88102,31.241904,34.753497,7
88102,31.241896,34.753918,8
88102,31.241871,34.754170,9
88102,31.241745,34.755459,10
88102,31.241599,34.756627,11
88102,31.241523,34.757151,12
88102,31.241465,34.757548,13
88102,31.241237,34.758663,14
88102,31.241202,34.758679,16
88102,31.241170,34.758703,17
88102,31.241146,34.758735,18
88102,31.241132,34.758763,19
88102,31.241127,34.758773,20
88102,31.241120,34.758809,21
88102,31.241118,34.758830,22
88102,31.241118,34.758843,23
88102,31.241125,34.758887,24
88102,31.241134,34.758924,25
88102,31.241137,34.758929,26
88102,31.241153,34.758960,27
88102,31.241182,34.758986,28
88102,31.241196,34.759171,29
88102,31.241197,34.759466,30
88102,31.241144,34.759948,31
88102,31.241045,34.760549,32
88102,31.240980,34.760980,33
88102,31.240966,34.761307,34
88102,31.240965,34.761840,35
88102,31.240940,34.762080,36
88102,31.240931,34.762093,37
88102,31.240923,34.762108,38
88102,31.240916,34.762125,39
88102,31.240913,34.762134,40
88102,31.240909,34.762152,41
88102,31.240907,34.762161,42
88102,31.240906,34.762170,43
88102,31.240905,34.762189,44
88102,31.240907,34.762208,45
88102,31.240908,34.762217,46
88102,31.240910,34.762227,47
88102,31.240915,34.762245,48
88102,31.240921,34.762261,49
88102,31.240925,34.762270,50
88102,31.240934,34.762285,51
88102,31.240943,34.762296,52
88102,31.240956,34.762310,53
88102,31.240969,34.762320,54
88102,31.240982,34.762328,55
88102,31.240997,34.762334,56
88102,31.241004,34.762336,57
88102,31.241012,34.762337,58
88102,31.241026,34.762338,59
88102,31.241041,34.762337,60
88102,31.241056,34.762333,61
88102,31.241070,34.762328,62
88102,31.241084,34.762320,63
88102,31.241090,34.762315,64
88102,31.241102,34.762304,65
88102,31.241108,34.762297,66
88102,31.241113,34.762291,67
88102,31.241123,34.762276,68
88102,31.241132,34.762257,69
88102,31.241250,34.762252,70
88102,31.241296,34.762257,71
88102,31.241511,34.762281,72
88102,31.241665,34.762297,73
88102,31.241836,34.762330,74
88102,31.242031,34.762385,75
88102,31.242192,34.762442,76
88102,31.242347,34.762519,77
88102,31.242964,34.762860,78
88102,31.243092,34.762939,79
88102,31.243159,34.763004,80
88102,31.243164,34.763028,81
88102,31.243175,34.763057,82
88102,31.243190,34.763080,83
88102,31.243212,34.763100,84
88102,31.243237,34.763115,86
88102,31.243263,34.763120,87
88102,31.243285,34.763120,88
88102,31.243310,34.763114,89
88102,31.243330,34.763099,90
88102,31.243454,34.763149,91
88102,31.243658,34.763218,92
88102,31.243805,34.763246,93
88102,31.243954,34.763255,94
88102,31.244129,34.763249,95
88102,31.244300,34.763213,96
88102,31.244455,34.763161,97
88102,31.244725,34.763030,98
88102,31.244826,34.762971,99
88102,31.244844,34.762987,101
88102,31.244870,34.763002,102
88102,31.244900,34.763005,103
88102,31.244918,34.763004,104
88102,31.244938,34.762999,105
88102,31.244962,34.762985,106
88102,31.244980,34.762969,107
88102,31.244992,34.762950,108
88102,31.245011,34.762909,109
88102,31.245014,34.762880,110
88102,31.245010,34.762844,111
88102,31.245002,34.762819,112
88102,31.244989,34.762792,113
88102,31.244967,34.762767,114
88102,31.244961,34.762763,115
88102,31.244937,34.762749,116
88102,31.244910,34.762743,117
88102,31.244884,34.762743,118
88102,31.244856,34.762754,119
88102,31.244834,34.762703,120
88102,31.244760,34.762522,121
88102,31.244694,34.762379,122
88102,31.244524,34.762013,123
88102,31.244413,34.761777,124
88102,31.244378,34.761684,125
88102,31.244345,34.761384,126
88102,31.244334,34.761141,127
88102,31.244350,34.760948,128
88102,31.244351,34.760931,129
88102,31.244416,34.760668,130
88102,31.244593,34.760301,131
88102,31.244606,34.760284,132
88102,31.244677,34.760192,133
88102,31.244803,34.760071,134
88102,31.244810,34.760065,135
88102,31.244897,34.759996,136
88102,31.245026,34.759906,137
88102,31.245193,34.759826,138
88102,31.245243,34.759813,139
88102,31.245509,34.759744,140
88102,31.245518,34.759744,141
88102,31.245679,34.759752,142
88102,31.245908,34.759819,143
88102,31.246084,34.759896,144
88102,31.246193,34.759955,145
88102,31.246335,34.760070,146
88102,31.246493,34.760244,147
88102,31.246562,34.760335,148
88102,31.246651,34.760495,149
88102,31.246659,34.760508,150
88102,31.246811,34.760861,151
88102,31.246923,34.761108,152
88102,31.247070,34.761446,153
88102,31.247059,34.761447,154
88102,31.247030,34.761459,155
88102,31.247010,34.761473,156
88102,31.246988,34.761497,157
88102,31.246975,34.761518,158
88102,31.246966,34.761542,159
88102,31.246964,34.761551,160
88102,31.246961,34.761576,161
88102,31.246962,34.761595,162
88102,31.246962,34.761602,163
88102,31.246968,34.761627,164
88102,31.246977,34.761650,165
88102,31.246986,34.761664,166
88102,31.247002,34.761683,167
88102,31.247011,34.761692,168
88102,31.247034,34.761707,170
88102,31.247064,34.761717,171
88102,31.247080,34.761719,172
88102,31.247095,34.761719,173
88102,31.247118,34.761715,174
88102,31.247133,34.761710,175
88102,31.247147,34.761703,176
88102,31.247154,34.761698,177
88102,31.247173,34.761683,178
88102,31.247193,34.761656,179
88102,31.247206,34.761625,180
88102,31.247213,34.761592,181
88102,31.247211,34.761565,182
88102,31.247328,34.761484,183
88102,31.247516,34.761379,184
88102,31.247879,34.761181,185
88102,31.247995,34.761118,186
88102,31.248151,34.761079,187
88102,31.248166,34.761075,188
88102,31.248391,34.761056,189
88102,31.248568,34.761054,190
88102,31.248709,34.761074,191
88102,31.248904,34.761102,192
88102,31.250121,34.761482,193
88102,31.250685,34.761635,194
88102,31.251065,34.761765,195
88102,31.251571,34.761447,196
88102,31.251721,34.761343,197
88102,31.251905,34.761236,198
88102,31.252017,34.761181,199
88102,31.252114,34.761146,200
88102,31.252209,34.761121,201
88102,31.252351,34.761116,202
88102,31.252459,34.761125,203
88102,31.252633,34.761171,204
88102,31.253036,34.761310,205
88102,31.252448,34.763676,206
88102,31.252192,34.764840,207
88102,31.252074,34.765338,208
88102,31.252066,34.765464,209
88102,31.252062,34.765597,210
88102,31.252083,34.765738,211
88102,31.251988,34.765779,212
88102,31.251831,34.765883,213
88102,31.251612,34.766049,214
88102,31.251582,34.766068,215
88102,31.251116,34.766356,216
88102,31.250866,34.766467,217
88102,31.250732,34.766507,218
88102,31.250555,34.766526,219
88102,31.250184,34.766486,220
88102,31.250091,34.766468,221
88102,31.249649,34.766416,222
88102,31.249506,34.766391,223
88102,31.248915,34.766315,224
88102,31.248295,34.766229,225
88102,31.248215,34.766227,226
88102,31.247671,34.766148,227
88102,31.247317,34.766069,228
88102,31.247176,34.766049,229
88102,31.246609,34.765969,230
88102,31.246169,34.765906,231
88102,31.245557,34.765793,232
88102,31.245339,34.765776,233
88102,31.245103,34.765756,234
88102,31.244854,34.765726,235
88102,31.244397,34.765690,236
88102,31.244279,34.765674,237
88102,31.243830,34.765582,238
88102,31.243570,34.765543,239
88102,31.243571,34.765903,240
88102,31.243556,34.765987,241
88102,31.243443,34.767360,242
88102,31.243447,34.767722,243
88102,31.243403,34.767720,244
88102,31.243338,34.767741,245
88102,31.243285,34.767786,246
88102,31.243270,34.767810,247
88102,31.243260,34.767827,248
88102,31.243245,34.767873,249
88102,31.243240,34.767919,250
88102,31.243246,34.767971,251
88102,31.243255,34.767995,252
88102,31.243263,34.768017,253
88102,31.243307,34.768073,254
88102,31.243345,34.768099,255
88102,31.243387,34.768114,256
88102,31.243410,34.768117,257
88102,31.243454,34.768114,258
88102,31.243497,34.768099,259
88102,31.243535,34.768072,260
88102,31.243544,34.768062,261
88102,31.243714,34.768058,262
88102,31.244103,34.768107,263
88102,31.245410,34.768304,264
88102,31.245956,34.768378,265
88102,31.246387,34.768436,266
88102,31.246692,34.768476,267
88102,31.246804,34.768504,268
88102,31.246858,34.768514,269
88102,31.246862,34.768527,270
88102,31.246868,34.768542,271
88102,31.246876,34.768555,272
88102,31.246886,34.768568,273
88102,31.246903,34.768584,274
88102,31.246910,34.768589,275
88102,31.246922,34.768596,276
88102,31.246897,34.768848,277
88102,31.246897,34.768870,278
88102,31.246836,34.769420,279
88102,31.246812,34.769687,280
88102,31.246737,34.770506,281
88102,31.246724,34.770507,282
88102,31.246712,34.770510,283
88102,31.246701,34.770515,284
88102,31.246691,34.770521,285
88102,31.246677,34.770533,286
88102,31.246668,34.770543,287
88102,31.246661,34.770553,288
88102,31.246655,34.770565,289
88102,31.246651,34.770574,290
88102,31.246647,34.770591,291
88102,31.246645,34.770604,292
88102,31.246645,34.770625,293
88102,31.246646,34.770638,294
88102,31.246649,34.770651,295
88102,31.246654,34.770664,296
88102,31.246663,34.770681,297
88102,31.246671,34.770692,298
88102,31.246679,34.770701,299
88102,31.246694,34.770712,300
88102,31.246705,34.770718,301
88102,31.246714,34.770722,302
88102,31.246648,34.771213,303
88102,31.246629,34.771389,304
88102,31.246619,34.771545,305
88102,31.246578,34.771895,306
88102,31.246527,34.772328,307
88102,31.246467,34.772849,308
88102,31.246382,34.773717,309
88102,31.246337,34.773862,310
88102,31.246310,34.773888,311
88102,31.246295,34.773912,312
88102,31.246288,34.773940,313
88102,31.246288,34.773967,314
88102,31.246297,34.773999,315
88102,31.246312,34.774021,316
88102,31.246324,34.774033,317
88102,31.246323,34.774159,318
88102,31.246293,34.774549,319
88102,31.246221,34.775218,320
88102,31.246141,34.775876,321
88102,31.246113,34.776140,322
88102,31.246101,34.776148,323
88102,31.246092,34.776159,324
88102,31.246084,34.776172,325
88102,31.246078,34.776186,326
88102,31.246075,34.776201,327
88102,31.246074,34.776216,328
88102,31.246075,34.776231,329
88102,31.246079,34.776246,330
88102,31.246085,34.776260,331
88102,31.246094,34.776272,332
88102,31.246099,34.776277,333
88102,31.246075,34.776500,334
88102,31.246049,34.776759,335
88102,31.246021,34.777029,336
88102,31.245966,34.777510,337
88102,31.245904,34.777843,338
88102,31.245854,34.778114,339
88102,31.245697,34.778796,340
88102,31.245597,34.779163,341
88102,31.245541,34.779314,342
88102,31.245532,34.779318,343
88102,31.245523,34.779324,344
88102,31.245514,34.779332,345
88102,31.245502,34.779346,346
88102,31.245495,34.779357,347
88102,31.245490,34.779368,348
88102,31.245485,34.779386,349
88102,31.245482,34.779405,350
88102,31.245483,34.779418,351
88102,31.245484,34.779431,352
88102,31.245487,34.779443,353
88102,31.245491,34.779455,354
88102,31.245497,34.779466,355
88102,31.245504,34.779477,356
88102,31.245512,34.779486,357
88102,31.245516,34.779490,358
88102,31.245473,34.779689,359
88102,31.245331,34.780267,360
88102,31.245224,34.780667,361
88102,31.245176,34.780757,362
88102,31.245113,34.780842,363
88102,31.245093,34.780852,364
88102,31.245082,34.780861,365
88102,31.245071,34.780872,366
88102,31.245057,34.780891,367
88102,31.245047,34.780912,368
88102,31.245042,34.780927,369
88102,31.245038,34.780951,370
88102,31.245037,34.780967,371
88102,31.244809,34.781153,372
88102,31.244667,34.781285,373
88102,31.244472,34.781428,374
88102,31.244266,34.781548,375
88102,31.244170,34.781623,376
88102,31.243956,34.781790,377
88102,31.243906,34.781857,378
88102,31.243678,34.782176,379
88102,31.243527,34.782368,380
88102,31.243364,34.782582,381
88102,31.243098,34.783034,382
88102,31.243043,34.783121,383
88102,31.242892,34.783352,384
88102,31.242839,34.783434,385
88102,31.242864,34.783516,386
88102,31.242877,34.783544,387
88102,31.243106,34.783761,388
88102,31.243183,34.783830,389
88102,31.243860,34.784484,390
88102,31.244004,34.784610,391
88102,31.244036,34.784638,392
88102,31.244108,34.784707,393
88102,31.244179,34.784791,394
88102,31.244233,34.784868,395
88102,31.244284,34.784954,396
88102,31.244282,34.784970,397
88102,31.244279,34.784992,398
88102,31.244277,34.785015,399
88102,31.244277,34.785038,400
88102,31.244278,34.785060,401
88102,31.244280,34.785083,402
88102,31.244284,34.785105,403
88102,31.244288,34.785127,404
88102,31.244294,34.785149,405
88102,31.244301,34.785170,406
88102,31.244309,34.785191,407
88102,31.244318,34.785211,408
88102,31.244328,34.785230,409
88102,31.244340,34.785249,410
88102,31.244352,34.785267,411
88102,31.244365,34.785284,412
88102,31.244379,34.785300,413
88102,31.244394,34.785314,414
88102,31.244409,34.785328,415
88102,31.244425,34.785341,416
88102,31.244442,34.785352,417
88102,31.244460,34.785362,418
88102,31.244478,34.785371,419
88102,31.244496,34.785379,420
88102,31.244515,34.785385,421
88102,31.244534,34.785390,422
88102,31.244553,34.785393,423
88102,31.244573,34.785395,424
88102,31.244585,34.785396,425
88102,31.244441,34.786398,426
88102,31.244389,34.787064,427
88102,31.244274,34.788185,428
88102,31.244137,34.789001,429
88102,31.244102,34.789168,430
88102,31.244018,34.789464,431
88102,31.243807,34.789765,432
88102,31.243611,34.790034,433
88102,31.243403,34.790300,434
88102,31.243163,34.790626,435
88102,31.242871,34.791018,436
88102,31.242728,34.791269,437
88102,31.242478,34.791619,438
88102,31.242347,34.791800,439
88102,31.242040,34.792227,440
88102,31.241691,34.792659,441
88102,31.241577,34.792796,442
88102,31.241291,34.793155,443
88102,31.241112,34.793439,444
88102,31.240918,34.793754,445
88102,31.240865,34.793824,446
88102,31.240684,34.794055,447
88102,31.240616,34.794061,448
88102,31.240565,34.794096,449
88102,31.240321,34.794435,450
88102,31.240239,34.794558,451
88102,31.240225,34.794561,452
88102,31.240212,34.794567,453
88102,31.240194,34.794578,454
88102,31.240179,34.794593,455
88102,31.240170,34.794604,456
88102,31.240162,34.794617,457
88102,31.240156,34.794631,458
88102,31.240151,34.794646,459
88102,31.240148,34.794661,460
88102,31.240147,34.794677,461
88102,31.240147,34.794693,462
88102,31.240149,34.794708,463
88102,31.240152,34.794723,464
88102,31.240161,34.794745,465
88102,31.240168,34.794758,466
88102,31.240182,34.794775,467
88102,31.240192,34.794785,468
88102,31.240210,34.794797,469
88102,31.240222,34.794803,470
88102,31.240235,34.794807,471
88102,31.240256,34.794809,472
88102,31.240269,34.794808,473
88102,31.240282,34.794805,474
88102,31.240295,34.794800,475
88102,31.240307,34.794793,476
88102,31.240318,34.794785,477
88102,31.240383,34.794853,478
88102,31.240429,34.794932,479
88102,31.240521,34.795222,480
88102,31.240715,34.795782,481
88102,31.241047,34.796741,482
88102,31.241088,34.796913,483
88102,31.241211,34.797260,484
88102,31.241325,34.797571,485
88102,31.241347,34.797626,486
88102,31.241382,34.797692,487
88102,31.241468,34.797800,488
88102,31.241573,34.797890,489
88102,31.241677,34.797933,490
88102,31.241701,34.797937,491
88102,31.241971,34.797985,492
88102,31.243121,34.798000,493
88102,31.243231,34.797986,494
88102,31.243345,34.798084,496
88102,31.243407,34.798086,497
88102,31.243706,34.798106,498
88102,31.243934,34.798112,499
88102,31.243941,34.798130,500
88102,31.243951,34.798143,501
88102,31.243962,34.798154,502
88102,31.243974,34.798163,503
88102,31.243986,34.798167,504
88102,31.243998,34.798170,505
88102,31.244012,34.798171,506
88102,31.244027,34.798168,507
88102,31.244036,34.798165,508
88102,31.244049,34.798157,509
88102,31.244057,34.798150,510
88102,31.244064,34.798142,511
88102,31.244072,34.798131,512
88102,31.244078,34.798119,513
88102,31.244083,34.798103,514
88102,31.244085,34.798087,515
88102,31.244085,34.798070,516
88102,31.244082,34.798053,517
88102,31.244076,34.798037,518
88102,31.244068,34.798023,519
88102,31.244059,34.798012,520
88102,31.244073,34.797709,521
88102,31.244093,34.797002,522
88102,31.244093,34.796943,523
88102,31.244099,34.796759,524
88102,31.244109,34.796676,525
88102,31.244114,34.796639,526
88102,31.244125,34.796598,527
88102,31.244152,34.796490,528
88102,31.244236,34.796279,529
88102,31.244318,34.796111,530
88102,31.244466,34.795805,531
88102,31.244527,34.795700,532
88102,31.244546,34.795676,533
88102,31.244663,34.795635,534
88102,31.244729,34.795618,535
88102,31.244787,34.795630,536
88102,31.244995,34.795782,537
88102,31.245004,34.795778,538
88102,31.245131,34.795939,539
88102,31.245460,34.796311,540
88102,31.245686,34.796519,541
88102,31.245872,34.796653,542
88102,31.246269,34.796923,543
88102,31.246629,34.797164,544
88102,31.246750,34.797244,545
88102,31.246940,34.797492,546
88102,31.246980,34.797568,547
88102,31.246991,34.797649,548
88102,31.246982,34.797794,549
88102,31.246957,34.797844,550
88102,31.246902,34.798012,551
88102,31.246854,34.798190,552
88102,31.246832,34.798389,553
88102,31.246819,34.798651,554
88102,31.246820,34.799095,555
88102,31.246821,34.799424,556
88102,31.246821,34.799941,557
88102,31.246809,34.799947,558
88102,31.246799,34.799954,559
88102,31.246789,34.799963,560
88102,31.246781,34.799972,561
88102,31.246774,34.799983,562
88102,31.246768,34.799995,563
88102,31.246763,34.800007,564
88102,31.246759,34.800020,565
88102,31.246758,34.800034,566
88102,31.246757,34.800047,567
88102,31.246759,34.800067,568
88102,31.246764,34.800087,569
88102,31.246769,34.800100,570
88102,31.246776,34.800111,571
88102,31.246779,34.800116,572
88102,31.246783,34.800122,573
88102,31.246792,34.800131,574
88102,31.246802,34.800139,575
88102,31.246812,34.800145,576
88102,31.246823,34.800150,577
88102,31.246834,34.800154,578
88102,31.246855,34.800155,579
88102,31.246946,34.800399,580
88102,31.247011,34.800569,581
88102,31.247030,34.800604,582
88102,31.247068,34.800659,583
88102,31.247372,34.801797,584
88102,31.247428,34.802024,585
88102,31.247472,34.802160,586
88102,31.247551,34.802422,587
88102,31.247612,34.802639,588
88102,31.247637,34.802809,589
88102,31.247654,34.802907,590
88102,31.247650,34.803004,591
88102,31.247631,34.803068,592
88102,31.247584,34.803161,593
88102,31.247439,34.803289,594
88102,31.247195,34.803508,595
88102,31.247104,34.803575,596
88102,31.246789,34.803787,597
88102,31.246610,34.803892,598
88102,31.246391,34.803999,599
88102,31.246226,34.804097,600
88102,31.245239,34.804611,601
88102,31.244985,34.804806,602
88102,31.244889,34.804909,603
88102,31.244636,34.805218,604
88102,31.244528,34.805374,605
88102,31.244453,34.805533,606
88102,31.244399,34.805684,607
88102,31.244308,34.806055,608
88102,31.244294,34.806132,609
88102,31.244237,34.806449,610
88102,31.244217,34.806562,611
88102,31.244169,34.807080,612
88102,31.244128,34.807509,613
88102,31.244056,34.808280,614
88102,31.244024,34.808747,615
88102,31.244019,34.808831,616
88102,31.244007,34.808982,617
88102,31.244003,34.809063,618
88102,31.243988,34.809288,619
88102,31.244006,34.809573,620
88102,31.244043,34.809829,621
88102,31.244104,34.810152,622
88102,31.244141,34.810269,623
88102,31.244270,34.810626,624
88102,31.244294,34.810667,625
88102,31.244460,34.810957,626
88102,31.244737,34.811386,627
88102,31.244817,34.811509,628
88102,31.244929,34.811701,629
88102,31.244979,34.811773,630
88102,31.245008,34.811764,631
88102,31.245175,34.811685,632
88102,31.245236,34.811657,633
88102,31.245323,34.811607,634
88102,31.245525,34.811503,635
88102,31.245711,34.811368,636
88102,31.246025,34.811153,637
88102,31.246030,34.811167,638
88102,31.246036,34.811179,639
88102,31.246041,34.811188,640
88102,31.246050,34.811201,641
88102,31.246066,34.811217,642
88102,31.246084,34.811229,643
88102,31.246104,34.811237,644
88102,31.246125,34.811241,645
88102,31.246146,34.811240,646
88102,31.246167,34.811235,647
88102,31.246184,34.811226,648
88102,31.246192,34.811221,649
88102,31.246204,34.811211,650
88102,31.246219,34.811194,651
88102,31.246231,34.811174,652
88102,31.246239,34.811151,653
88102,31.246244,34.811127,654
88102,31.246245,34.811103,655
88102,31.246242,34.811079,656
88102,31.246237,34.811060,657
88102,31.246567,34.810950,658
88102,31.246672,34.810931,659
88102,31.246765,34.810921,660
88102,31.246871,34.810919,661
88102,31.247125,34.810922,662
88102,31.247125,34.810928,663
88102,31.247129,34.810952,664
88102,31.247136,34.810974,665
88102,31.247143,34.810988,666
88102,31.247151,34.811001,667
88102,31.247166,34.811018,668
88102,31.247183,34.811032,669
88102,31.247202,34.811041,670
88102,31.247216,34.811045,671
88102,31.247229,34.811047,672
88102,31.247236,34.811047,673
88102,31.247250,34.811046,674
88102,31.247271,34.811041,675
88102,31.247290,34.811031,676
88102,31.247301,34.811023,677
88102,31.247312,34.811012,678
88102,31.247326,34.810994,679
88102,31.247336,34.810974,680
88102,31.247339,34.810965,681
88102,31.247597,34.810991,682
88102,31.247681,34.811000,683
88102,31.248093,34.811073,684
88102,31.248286,34.811107,685
88102,31.248700,34.811176,686
88102,31.248715,34.811180,687
88102,31.249217,34.811315,688
88102,31.249237,34.811310,689
88102,31.249253,34.811298,690
88102,31.249323,34.811338,691
88102,31.249678,34.811509,692
88102,31.250000,34.811750,693
88102,31.250440,34.812104,694
88102,31.250907,34.812584,695
88102,31.250958,34.812653,696
88102,31.251141,34.812893,697
88102,31.251341,34.813194,698
88102,31.251406,34.813303,699
88102,31.251477,34.813422,700
88102,31.251528,34.813513,701
88102,31.251547,34.813542,702
88102,31.251885,34.814082,703
88102,31.252313,34.814736,704
88102,31.252503,34.815036,705
88102,31.252183,34.815359,706
88102,31.251851,34.815782,707
88102,31.251117,34.816763,708
88102,31.250579,34.817520,709
88102,31.250058,34.818237,710
88102,31.249882,34.818363,711
88102,31.249816,34.818376,712
88102,31.249769,34.818371,713
88102,31.249603,34.818299,714
88102,31.249522,34.818208,715
88102,31.249247,34.817931,716
